7.135199904441833496e-01,1.000000000000000000e+01
2.034900039434432983e-01,0.000000000000000000e+00
8.729299902915954590e-01,3.400000000000000000e+01
6.574500203132629395e-01,6.000000000000000000e+00
1.984699964523315430e-01,0.000000000000000000e+00
1.100400015711784363e-01,0.000000000000000000e+00
2.348199933767318726e-01,0.000000000000000000e+00
1.954399943351745605e-01,0.000000000000000000e+00
5.500699877738952637e-01,1.000000000000000000e+00
7.151799798011779785e-01,1.000000000000000000e+01
5.193699896335601807e-02,0.000000000000000000e+00
1.996500045061111450e-02,0.000000000000000000e+00
7.512500286102294922e-01,1.200000000000000000e+01
2.772400081157684326e-01,0.000000000000000000e+00
7.513700127601623535e-01,1.200000000000000000e+01
9.421499967575073242e-01,5.300000000000000000e+01
2.569600045680999756e-01,0.000000000000000000e+00
4.460699856281280518e-01,0.000000000000000000e+00
6.265799999237060547e-01,3.000000000000000000e+00
3.709399998188018799e-01,0.000000000000000000e+00
