1.758099943399429321e-01,6.130000000000000000e+02
6.878399848937988281e-01,2.270000000000000000e+03
4.502499997615814209e-01,1.629000000000000000e+03
8.197699785232543945e-01,2.560000000000000000e+03
8.566200137138366699e-01,2.639000000000000000e+03
6.419000029563903809e-01,2.157000000000000000e+03
2.323800027370452881e-01,8.520000000000000000e+02
3.754999861121177673e-02,2.900000000000000000e+01
4.034300148487091064e-01,1.481000000000000000e+03
1.235899999737739563e-01,3.880000000000000000e+02
4.137499928474426270e-01,1.518000000000000000e+03
3.234300017356872559e-01,1.222000000000000000e+03
3.998000025749206543e-01,1.470000000000000000e+03
4.171000123023986816e-01,1.527000000000000000e+03
3.672400116920471191e-01,1.365000000000000000e+03
3.746699988842010498e-01,1.391000000000000000e+03
6.460999846458435059e-01,2.171000000000000000e+03
2.736499905586242676e-01,1.032000000000000000e+03
9.007200002670288086e-01,2.730000000000000000e+03
7.104499638080596924e-02,1.460000000000000000e+02
