4.785600006580352783e-01,1.000000000000000000e+00
1.617300063371658325e-01,0.000000000000000000e+00
4.137699902057647705e-01,0.000000000000000000e+00
1.003199964761734009e-01,0.000000000000000000e+00
8.925600051879882812e-01,2.600000000000000000e+01
9.605000019073486328e-01,4.200000000000000000e+01
1.497399993240833282e-02,0.000000000000000000e+00
3.944100141525268555e-01,0.000000000000000000e+00
4.684999883174896240e-01,1.000000000000000000e+00
4.502399861812591553e-01,0.000000000000000000e+00
4.187199845910072327e-02,0.000000000000000000e+00
3.135299980640411377e-01,0.000000000000000000e+00
1.922399997711181641e-01,0.000000000000000000e+00
8.674299716949462891e-01,2.100000000000000000e+01
4.215799868106842041e-01,0.000000000000000000e+00
7.868700027465820312e-01,1.000000000000000000e+01
3.965800106525421143e-01,0.000000000000000000e+00
9.538099765777587891e-01,4.000000000000000000e+01
8.626999855041503906e-01,2.100000000000000000e+01
4.638099968433380127e-01,0.000000000000000000e+00
