8.749399781227111816e-01,1.230000000000000000e+02
4.941900074481964111e-01,2.000000000000000000e+00
9.829300045967102051e-01,2.100000000000000000e+02
4.129000008106231689e-01,0.000000000000000000e+00
3.904800117015838623e-01,0.000000000000000000e+00
2.969300001859664917e-02,0.000000000000000000e+00
6.426499783992767334e-02,0.000000000000000000e+00
5.745499730110168457e-01,9.000000000000000000e+00
3.475899994373321533e-01,0.000000000000000000e+00
9.118700027465820312e-01,1.490000000000000000e+02
8.352000117301940918e-01,9.300000000000000000e+01
7.982599735260009766e-01,6.600000000000000000e+01
2.152599990367889404e-01,0.000000000000000000e+00
4.789800047874450684e-01,2.000000000000000000e+00
8.968099951744079590e-01,1.390000000000000000e+02
8.413199782371520996e-01,9.900000000000000000e+01
3.336499929428100586e-01,0.000000000000000000e+00
4.310699999332427979e-01,0.000000000000000000e+00
8.436800241470336914e-01,1.010000000000000000e+02
3.798800110816955566e-01,0.000000000000000000e+00
