1.460299938917160034e-01,0.000000000000000000e+00
6.098300218582153320e-01,0.000000000000000000e+00
4.335300028324127197e-01,0.000000000000000000e+00
8.187699913978576660e-01,0.000000000000000000e+00
8.439400196075439453e-01,0.000000000000000000e+00
7.925900220870971680e-01,0.000000000000000000e+00
9.924399852752685547e-01,1.000000000000000000e+00
1.764000058174133301e-01,0.000000000000000000e+00
4.051499813795089722e-02,0.000000000000000000e+00
9.042500257492065430e-01,1.000000000000000000e+00
9.283599853515625000e-01,1.000000000000000000e+00
3.721300065517425537e-01,0.000000000000000000e+00
3.303700089454650879e-01,0.000000000000000000e+00
8.351200222969055176e-01,0.000000000000000000e+00
6.827899813652038574e-01,0.000000000000000000e+00
9.356700181961059570e-01,1.000000000000000000e+00
6.996800005435943604e-02,0.000000000000000000e+00
7.251200079917907715e-01,0.000000000000000000e+00
8.191199898719787598e-01,0.000000000000000000e+00
1.819300055503845215e-01,0.000000000000000000e+00
