8.096699714660644531e-01,1.391000000000000000e+03
8.395599722862243652e-01,1.461000000000000000e+03
6.075800061225891113e-01,9.100000000000000000e+02
2.307499945163726807e-01,6.900000000000000000e+01
7.784699797630310059e-01,1.319000000000000000e+03
3.849099874496459961e-01,3.620000000000000000e+02
1.973399966955184937e-01,3.200000000000000000e+01
2.990400046110153198e-02,0.000000000000000000e+00
3.087599873542785645e-01,1.990000000000000000e+02
7.294300198554992676e-01,1.208000000000000000e+03
3.774099946022033691e-01,3.490000000000000000e+02
9.537199735641479492e-01,1.719000000000000000e+03
1.635099947452545166e-01,9.000000000000000000e+00
9.795399904251098633e-01,1.784000000000000000e+03
6.449300050735473633e-01,9.940000000000000000e+02
3.165600001811981201e-01,2.130000000000000000e+02
1.578399986028671265e-01,7.000000000000000000e+00
6.234899908304214478e-02,0.000000000000000000e+00
1.043799966573715210e-01,1.000000000000000000e+00
2.879799902439117432e-01,1.650000000000000000e+02
