8.586200326681137085e-02,0.000000000000000000e+00
4.566799998283386230e-01,7.000000000000000000e+02
2.109999954700469971e-01,9.700000000000000000e+01
8.786399960517883301e-01,1.796000000000000000e+03
8.133999705314636230e-01,1.646000000000000000e+03
3.534600138664245605e-02,0.000000000000000000e+00
9.410099983215332031e-01,1.941000000000000000e+03
5.917900204658508301e-01,1.087000000000000000e+03
8.413500189781188965e-01,1.704000000000000000e+03
1.746300011873245239e-01,3.800000000000000000e+01
3.464199900627136230e-01,3.940000000000000000e+02
7.213600277900695801e-01,1.412000000000000000e+03
2.837100028991699219e-01,2.450000000000000000e+02
2.986899912357330322e-01,2.800000000000000000e+02
7.734599709510803223e-01,1.538000000000000000e+03
3.722699880599975586e-01,4.630000000000000000e+02
9.325100183486938477e-01,1.927000000000000000e+03
9.645599722862243652e-01,1.990000000000000000e+03
1.845400035381317139e-01,5.300000000000000000e+01
1.280200034379959106e-01,6.000000000000000000e+00
