9.861599802970886230e-01,2.780000000000000000e+03
5.363500118255615234e-01,1.753000000000000000e+03
8.869000077247619629e-01,2.577000000000000000e+03
2.404499948024749756e-01,8.220000000000000000e+02
3.875400125980377197e-01,1.324000000000000000e+03
2.235500067472457886e-01,7.480000000000000000e+02
6.948599815368652344e-01,2.143000000000000000e+03
8.655899763107299805e-01,2.521000000000000000e+03
3.375400006771087646e-01,1.162000000000000000e+03
9.248099923133850098e-01,2.654000000000000000e+03
6.007300019264221191e-01,1.914000000000000000e+03
9.546999931335449219e-01,2.720000000000000000e+03
5.419399738311767578e-01,1.767000000000000000e+03
9.810500144958496094e-01,2.768000000000000000e+03
3.761300146579742432e-01,1.288000000000000000e+03
6.674800068140029907e-02,1.130000000000000000e+02
5.266299843788146973e-01,1.722000000000000000e+03
9.509699791669845581e-02,2.240000000000000000e+02
5.327500104904174805e-01,1.742000000000000000e+03
3.906599879264831543e-01,1.335000000000000000e+03
