3.873200118541717529e-01,0.000000000000000000e+00
6.375700235366821289e-01,2.200000000000000000e+01
4.782400131225585938e-01,3.000000000000000000e+00
8.374599814414978027e-01,7.300000000000000000e+01
5.519300103187561035e-01,1.000000000000000000e+01
3.822900056838989258e-01,0.000000000000000000e+00
2.409700006246566772e-01,0.000000000000000000e+00
3.382200002670288086e-01,0.000000000000000000e+00
1.269199997186660767e-01,0.000000000000000000e+00
2.046599984169006348e-01,0.000000000000000000e+00
6.033999919891357422e-01,1.800000000000000000e+01
5.210899710655212402e-01,6.000000000000000000e+00
1.544599980115890503e-01,0.000000000000000000e+00
9.688299894332885742e-01,1.330000000000000000e+02
2.988000027835369110e-02,0.000000000000000000e+00
6.223000288009643555e-01,2.000000000000000000e+01
5.705299973487854004e-01,1.200000000000000000e+01
1.725700050592422485e-01,0.000000000000000000e+00
4.170899987220764160e-01,0.000000000000000000e+00
6.975100040435791016e-01,3.500000000000000000e+01
