4.536499977111816406e-01,5.530000000000000000e+02
7.134900093078613281e-01,1.240000000000000000e+03
4.154999852180480957e-01,4.510000000000000000e+02
3.232400119304656982e-01,2.130000000000000000e+02
5.514500141143798828e-01,8.090000000000000000e+02
7.263000011444091797e-01,1.266000000000000000e+03
8.757600188255310059e-01,1.646000000000000000e+03
7.388200163841247559e-01,1.297000000000000000e+03
1.545299962162971497e-02,0.000000000000000000e+00
1.902199983596801758e-01,1.800000000000000000e+01
4.827400147914886475e-01,6.230000000000000000e+02
8.386999964714050293e-01,1.554000000000000000e+03
2.308299988508224487e-01,4.300000000000000000e+01
5.977699756622314453e-01,9.380000000000000000e+02
9.571800231933593750e-01,1.825000000000000000e+03
2.470300048589706421e-01,6.700000000000000000e+01
9.387400150299072266e-01,1.785000000000000000e+03
2.164299935102462769e-01,2.900000000000000000e+01
8.302400112152099609e-01,1.536000000000000000e+03
7.642400264739990234e-01,1.365000000000000000e+03
