2.863799929618835449e-01,8.600000000000000000e+01
3.032700121402740479e-01,1.110000000000000000e+02
5.874199867248535156e-01,6.910000000000000000e+02
2.932400107383728027e-01,9.600000000000000000e+01
8.288800120353698730e-01,1.241000000000000000e+03
6.488500237464904785e-01,8.270000000000000000e+02
9.125499725341796875e-01,1.417000000000000000e+03
7.210500072687864304e-03,0.000000000000000000e+00
7.380800247192382812e-01,1.032000000000000000e+03
4.638099968433380127e-01,4.230000000000000000e+02
9.592900276184082031e-01,1.517000000000000000e+03
8.521599769592285156e-01,1.281000000000000000e+03
2.079299986362457275e-01,2.400000000000000000e+01
4.212000072002410889e-01,3.240000000000000000e+02
5.592100024223327637e-01,6.390000000000000000e+02
4.684999883174896240e-01,4.340000000000000000e+02
8.562300205230712891e-01,1.288000000000000000e+03
7.036200165748596191e-01,9.500000000000000000e+02
2.740299999713897705e-01,7.600000000000000000e+01
6.155899763107299805e-01,7.510000000000000000e+02
