7.692099809646606445e-01,1.027000000000000000e+03
9.055500030517578125e-01,1.362000000000000000e+03
6.952900290489196777e-01,8.790000000000000000e+02
2.227299958467483521e-01,5.600000000000000000e+01
4.460600018501281738e-02,0.000000000000000000e+00
6.674799919128417969e-01,8.220000000000000000e+02
4.396300017833709717e-01,3.500000000000000000e+02
9.265199899673461914e-01,1.411000000000000000e+03
4.827300012111663818e-01,4.140000000000000000e+02
8.025100231170654297e-01,1.106000000000000000e+03
2.360199987888336182e-01,6.400000000000000000e+01
2.787100076675415039e-01,1.130000000000000000e+02
7.397099733352661133e-01,9.770000000000000000e+02
9.525799751281738281e-01,1.466000000000000000e+03
5.715399980545043945e-01,6.100000000000000000e+02
7.853400111198425293e-01,1.063000000000000000e+03
3.708400130271911621e-01,2.280000000000000000e+02
3.531700074672698975e-01,2.010000000000000000e+02
7.247199863195419312e-02,0.000000000000000000e+00
6.858000159263610840e-01,8.570000000000000000e+02
