5.471299886703491211e-01,5.710000000000000000e+02
5.003100037574768066e-01,4.470000000000000000e+02
8.851699829101562500e-01,1.312000000000000000e+03
7.127400040626525879e-01,9.520000000000000000e+02
7.831799983978271484e-01,1.080000000000000000e+03
3.477700054645538330e-01,1.730000000000000000e+02
1.401699930429458618e-01,7.000000000000000000e+00
2.701399922370910645e-01,9.000000000000000000e+01
2.020000070333480835e-01,3.400000000000000000e+01
8.754100203514099121e-01,1.290000000000000000e+03
6.644499897956848145e-01,8.390000000000000000e+02
5.235900282859802246e-01,5.160000000000000000e+02
3.302400112152099609e-01,1.490000000000000000e+02
3.071900010108947754e-01,1.250000000000000000e+02
2.733699977397918701e-02,0.000000000000000000e+00
9.910699725151062012e-01,1.576000000000000000e+03
2.241600006818771362e-01,5.000000000000000000e+01
2.099899947643280029e-01,3.700000000000000000e+01
9.420199990272521973e-01,1.445000000000000000e+03
5.857099890708923340e-01,6.630000000000000000e+02
