1.165599972009658813e-01,1.000000000000000000e+00
9.992600083351135254e-01,1.824000000000000000e+03
9.243699908256530762e-01,1.652000000000000000e+03
4.310399889945983887e-01,4.800000000000000000e+02
4.365600049495697021e-01,4.930000000000000000e+02
7.135199904441833496e-01,1.169000000000000000e+03
9.304799884557723999e-02,0.000000000000000000e+00
6.246600151062011719e-01,9.480000000000000000e+02
5.596100091934204102e-01,7.840000000000000000e+02
9.753999710083007812e-01,1.762000000000000000e+03
9.488099813461303711e-01,1.706000000000000000e+03
6.265799999237060547e-01,9.530000000000000000e+02
5.828099846839904785e-01,8.430000000000000000e+02
9.046800136566162109e-01,1.608000000000000000e+03
8.250399827957153320e-01,1.427000000000000000e+03
2.474499940872192383e-01,8.600000000000000000e+01
6.507700085639953613e-01,1.005000000000000000e+03
9.080899953842163086e-01,1.618000000000000000e+03
1.870000064373016357e-01,1.900000000000000000e+01
2.208299934864044189e-01,5.300000000000000000e+01
