2.100999951362609863e-01,6.410000000000000000e+02
9.174600243568420410e-01,2.371000000000000000e+03
9.780200123786926270e-01,2.583000000000000000e+03
7.497799992561340332e-01,1.936000000000000000e+03
9.850699901580810547e-01,2.600000000000000000e+03
3.970099985599517822e-02,6.200000000000000000e+01
4.406799972057342529e-01,1.288000000000000000e+03
3.041499853134155273e-01,9.480000000000000000e+02
6.217600107192993164e-01,1.698000000000000000e+03
8.142600208520889282e-02,2.290000000000000000e+02
6.854199767112731934e-01,1.796000000000000000e+03
8.292499780654907227e-01,2.113000000000000000e+03
3.398000001907348633e-01,1.094000000000000000e+03
2.667700052261352539e-01,8.920000000000000000e+02
4.676299989223480225e-01,1.319000000000000000e+03
5.905399844050407410e-02,1.400000000000000000e+02
6.181500107049942017e-02,1.410000000000000000e+02
5.705299973487854004e-01,1.678000000000000000e+03
1.581400036811828613e-01,4.640000000000000000e+02
1.791200041770935059e-01,5.090000000000000000e+02
