6.444299817085266113e-01,3.110000000000000000e+02
7.346699833869934082e-01,4.440000000000000000e+02
9.023000299930572510e-02,0.000000000000000000e+00
9.436799883842468262e-01,1.048000000000000000e+03
7.762600183486938477e-01,5.370000000000000000e+02
8.015999794006347656e-01,8.020000000000000000e+02
3.420599922537803650e-02,0.000000000000000000e+00
8.548799753189086914e-01,9.540000000000000000e+02
4.687300026416778564e-01,7.100000000000000000e+01
8.774499893188476562e-01,9.950000000000000000e+02
6.227800250053405762e-01,2.300000000000000000e+02
4.594500064849853516e-01,7.100000000000000000e+01
9.770699739456176758e-01,1.099000000000000000e+03
5.464699864387512207e-01,1.820000000000000000e+02
9.106199741363525391e-01,1.023000000000000000e+03
3.638299927115440369e-02,0.000000000000000000e+00
2.356500029563903809e-01,1.000000000000000000e+00
4.473699927330017090e-01,4.700000000000000000e+01
7.055600285530090332e-01,3.870000000000000000e+02
9.128000140190124512e-01,1.024000000000000000e+03
