6.153799891471862793e-01,2.100000000000000000e+01
7.078199982643127441e-01,2.100000000000000000e+01
2.438399940729141235e-01,0.000000000000000000e+00
5.944399833679199219e-01,2.100000000000000000e+01
7.670500278472900391e-01,2.100000000000000000e+01
3.599600121378898621e-02,0.000000000000000000e+00
8.263099789619445801e-01,2.100000000000000000e+01
4.974200129508972168e-01,6.000000000000000000e+00
6.629300117492675781e-01,2.100000000000000000e+01
4.661700129508972168e-01,6.000000000000000000e+00
2.351299971342086792e-01,0.000000000000000000e+00
3.868800103664398193e-01,6.000000000000000000e+00
2.355599962174892426e-02,0.000000000000000000e+00
8.204500079154968262e-01,2.100000000000000000e+01
3.734799921512603760e-01,6.000000000000000000e+00
6.296499967575073242e-01,2.100000000000000000e+01
8.136699795722961426e-01,2.100000000000000000e+01
3.019199967384338379e-01,0.000000000000000000e+00
4.291000068187713623e-01,6.000000000000000000e+00
7.767999768257141113e-01,2.100000000000000000e+01
