2.699699997901916504e-01,0.000000000000000000e+00
4.534400105476379395e-01,0.000000000000000000e+00
1.982499957084655762e-01,0.000000000000000000e+00
5.848000049591064453e-01,0.000000000000000000e+00
1.708000004291534424e-01,0.000000000000000000e+00
6.041499972343444824e-02,0.000000000000000000e+00
4.494000077247619629e-01,0.000000000000000000e+00
7.642899751663208008e-01,0.000000000000000000e+00
9.572399854660034180e-01,1.400000000000000000e+01
2.766500115394592285e-01,0.000000000000000000e+00
6.123300194740295410e-01,0.000000000000000000e+00
6.790300011634826660e-01,0.000000000000000000e+00
1.601199954748153687e-01,0.000000000000000000e+00
4.149299860000610352e-01,0.000000000000000000e+00
5.592099949717521667e-02,0.000000000000000000e+00
8.931599855422973633e-01,9.000000000000000000e+00
4.436999857425689697e-01,0.000000000000000000e+00
6.347799897193908691e-01,0.000000000000000000e+00
5.237600207328796387e-01,0.000000000000000000e+00
1.433099955320358276e-01,0.000000000000000000e+00
