6.279299855232238770e-01,1.470000000000000000e+03
9.009799957275390625e-01,2.257000000000000000e+03
9.030500054359436035e-01,2.262000000000000000e+03
2.892299890518188477e-01,8.400000000000000000e+01
1.968999952077865601e-01,5.000000000000000000e+00
3.557400107383728027e-01,3.170000000000000000e+02
8.220900297164916992e-01,2.053000000000000000e+03
2.664000093936920166e-01,4.400000000000000000e+01
9.069799780845642090e-01,2.271000000000000000e+03
4.417400062084197998e-01,7.310000000000000000e+02
7.990400195121765137e-01,1.995000000000000000e+03
3.482599854469299316e-01,2.700000000000000000e+02
1.986200064420700073e-01,5.000000000000000000e+00
3.336600065231323242e-01,2.080000000000000000e+02
9.262800216674804688e-01,2.315000000000000000e+03
9.073500037193298340e-01,2.272000000000000000e+03
3.299799859523773193e-01,1.940000000000000000e+02
3.267500177025794983e-02,0.000000000000000000e+00
6.284599900245666504e-01,1.472000000000000000e+03
7.368599772453308105e-01,1.824000000000000000e+03
