3.113799989223480225e-01,3.000000000000000000e+00
8.997399806976318359e-01,4.320000000000000000e+02
3.339399993419647217e-01,3.000000000000000000e+00
9.780399799346923828e-01,4.440000000000000000e+02
4.032300114631652832e-01,2.700000000000000000e+01
1.897599995136260986e-01,2.000000000000000000e+00
5.150600075721740723e-01,2.700000000000000000e+01
1.489400048740208149e-03,0.000000000000000000e+00
7.583199739456176758e-01,1.220000000000000000e+02
5.076900124549865723e-01,2.700000000000000000e+01
1.699800044298171997e-01,0.000000000000000000e+00
3.666999936103820801e-01,2.700000000000000000e+01
4.018099904060363770e-01,2.700000000000000000e+01
5.846900120377540588e-02,0.000000000000000000e+00
8.086000084877014160e-01,1.270000000000000000e+02
9.973499774932861328e-01,4.440000000000000000e+02
3.512800037860870361e-01,2.700000000000000000e+01
7.195900082588195801e-01,1.220000000000000000e+02
3.668900132179260254e-01,2.700000000000000000e+01
2.222399972379207611e-02,0.000000000000000000e+00
