4.008400142192840576e-01,2.900000000000000000e+01
8.285400271415710449e-01,1.430000000000000000e+02
7.334499955177307129e-01,1.230000000000000000e+02
7.246199846267700195e-01,1.230000000000000000e+02
6.313800215721130371e-01,1.210000000000000000e+02
5.360400080680847168e-01,1.180000000000000000e+02
7.095800042152404785e-01,1.230000000000000000e+02
8.979499936103820801e-01,4.900000000000000000e+02
6.225600242614746094e-01,1.210000000000000000e+02
3.867999911308288574e-01,2.900000000000000000e+01
7.345300167798995972e-02,0.000000000000000000e+00
6.033099889755249023e-01,1.210000000000000000e+02
7.197099924087524414e-01,1.230000000000000000e+02
8.455899953842163086e-01,1.680000000000000000e+02
2.241300046443939209e-01,2.000000000000000000e+00
4.919199943542480469e-01,3.200000000000000000e+01
3.003199994564056396e-01,6.000000000000000000e+00
7.030000090599060059e-01,1.230000000000000000e+02
3.441799879074096680e-01,2.800000000000000000e+01
3.054699897766113281e-01,6.000000000000000000e+00
