3.463299870491027832e-01,0.000000000000000000e+00
3.449299931526184082e-01,0.000000000000000000e+00
1.221100017428398132e-01,0.000000000000000000e+00
9.593600034713745117e-01,6.000000000000000000e+00
8.721799850463867188e-01,4.000000000000000000e+00
7.672700285911560059e-01,2.000000000000000000e+00
9.383500218391418457e-01,5.000000000000000000e+00
2.089200019836425781e-01,0.000000000000000000e+00
7.324500083923339844e-01,2.000000000000000000e+00
7.016999721527099609e-01,1.000000000000000000e+00
7.318199872970581055e-01,2.000000000000000000e+00
7.835299968719482422e-01,2.000000000000000000e+00
2.153900079429149628e-02,0.000000000000000000e+00
4.848499894142150879e-01,0.000000000000000000e+00
9.475499987602233887e-01,5.000000000000000000e+00
4.795399904251098633e-01,0.000000000000000000e+00
7.403399944305419922e-01,2.000000000000000000e+00
8.766700029373168945e-01,4.000000000000000000e+00
8.894100189208984375e-01,4.000000000000000000e+00
2.367200097069144249e-03,0.000000000000000000e+00
