6.643000245094299316e-01,3.540000000000000000e+02
6.195200085639953613e-01,2.970000000000000000e+02
4.186899960041046143e-01,7.700000000000000000e+01
3.731899857521057129e-01,4.400000000000000000e+01
9.865000247955322266e-01,9.070000000000000000e+02
7.788199782371520996e-01,5.250000000000000000e+02
3.611299991607666016e-01,3.900000000000000000e+01
8.317000269889831543e-01,6.160000000000000000e+02
6.567000150680541992e-01,3.460000000000000000e+02
8.193799853324890137e-01,5.890000000000000000e+02
6.580600142478942871e-01,3.470000000000000000e+02
1.866800040006637573e-01,1.000000000000000000e+00
2.454099953174591064e-01,7.000000000000000000e+00
6.792799830436706543e-01,3.700000000000000000e+02
8.139200210571289062e-01,5.800000000000000000e+02
4.277899861335754395e-01,8.400000000000000000e+01
5.394200086593627930e-01,1.620000000000000000e+02
8.125100135803222656e-01,5.760000000000000000e+02
4.981099963188171387e-01,1.210000000000000000e+02
6.973900198936462402e-01,3.980000000000000000e+02
