9.164400100708007812e-01,1.598000000000000000e+03
4.081099927425384521e-01,8.100000000000000000e+01
2.852599918842315674e-01,4.000000000000000000e+00
1.985099911689758301e-02,0.000000000000000000e+00
3.710899949073791504e-01,3.800000000000000000e+01
4.835300147533416748e-01,2.170000000000000000e+02
6.911500096321105957e-01,8.720000000000000000e+02
2.913300096988677979e-01,5.000000000000000000e+00
7.640200257301330566e-01,1.127000000000000000e+03
3.969399929046630859e-01,6.200000000000000000e+01
9.505199790000915527e-01,1.695000000000000000e+03
9.684900045394897461e-01,1.740000000000000000e+03
7.003300189971923828e-01,9.080000000000000000e+02
4.828299880027770996e-01,2.170000000000000000e+02
5.895599722862243652e-01,5.200000000000000000e+02
9.854300022125244141e-01,1.788000000000000000e+03
6.731100082397460938e-01,8.100000000000000000e+02
6.950100064277648926e-01,8.900000000000000000e+02
9.160299897193908691e-01,1.596000000000000000e+03
9.334400296211242676e-01,1.646000000000000000e+03
