9.421300292015075684e-01,5.970000000000000000e+02
5.177500247955322266e-01,2.500000000000000000e+01
2.409400045871734619e-01,0.000000000000000000e+00
1.450799964368343353e-02,0.000000000000000000e+00
3.438299894332885742e-01,0.000000000000000000e+00
6.446800231933593750e-01,1.010000000000000000e+02
6.031500101089477539e-01,6.300000000000000000e+01
5.977500081062316895e-01,6.100000000000000000e+01
7.618100196123123169e-02,0.000000000000000000e+00
5.571100115776062012e-01,3.800000000000000000e+01
9.081599861383438110e-02,0.000000000000000000e+00
9.534899890422821045e-02,0.000000000000000000e+00
4.671399891376495361e-01,1.000000000000000000e+01
1.992700062692165375e-02,0.000000000000000000e+00
7.178900241851806641e-01,1.880000000000000000e+02
7.865399718284606934e-01,2.680000000000000000e+02
4.071399867534637451e-01,1.000000000000000000e+00
5.133600234985351562e-01,2.400000000000000000e+01
9.893000125885009766e-02,0.000000000000000000e+00
4.507200121879577637e-01,6.000000000000000000e+00
