5.418400168418884277e-01,1.000000000000000000e+00
5.280600190162658691e-01,1.000000000000000000e+00
1.307899951934814453e-01,0.000000000000000000e+00
8.801500201225280762e-01,2.200000000000000000e+01
8.767799735069274902e-01,2.200000000000000000e+01
4.296700060367584229e-01,0.000000000000000000e+00
5.131999850273132324e-01,1.000000000000000000e+00
7.408000230789184570e-01,1.000000000000000000e+01
6.365899741649627686e-02,0.000000000000000000e+00
5.232700109481811523e-01,1.000000000000000000e+00
9.979299902915954590e-01,3.900000000000000000e+01
8.307099938392639160e-01,1.700000000000000000e+01
4.685100018978118896e-01,0.000000000000000000e+00
6.486700177192687988e-01,2.000000000000000000e+00
5.012099742889404297e-01,1.000000000000000000e+00
2.717999927699565887e-02,0.000000000000000000e+00
8.102300167083740234e-01,1.500000000000000000e+01
5.763800144195556641e-01,1.000000000000000000e+00
9.970600008964538574e-01,3.900000000000000000e+01
2.265399992465972900e-01,0.000000000000000000e+00
