7.720999717712402344e-01,1.320000000000000000e+02
8.782100081443786621e-01,1.510000000000000000e+02
6.662300229072570801e-01,1.320000000000000000e+02
2.773599922657012939e-01,1.000000000000000000e+01
4.517000019550323486e-01,3.600000000000000000e+01
9.965500235557556152e-01,5.150000000000000000e+02
3.828899934887886047e-02,0.000000000000000000e+00
9.283900260925292969e-02,0.000000000000000000e+00
5.660600066184997559e-01,1.320000000000000000e+02
2.791000008583068848e-01,1.000000000000000000e+01
5.942599773406982422e-01,1.320000000000000000e+02
1.107399985194206238e-01,1.000000000000000000e+00
3.127799928188323975e-01,1.000000000000000000e+01
2.012899965047836304e-01,1.000000000000000000e+00
9.277700185775756836e-01,4.890000000000000000e+02
3.185299932956695557e-01,1.000000000000000000e+01
3.129499852657318115e-01,1.000000000000000000e+01
5.969700217247009277e-01,1.320000000000000000e+02
5.610600113868713379e-01,1.320000000000000000e+02
2.680799961090087891e-01,1.000000000000000000e+01
