3.148800134658813477e-01,9.200000000000000000e+01
4.408299922943115234e-01,2.670000000000000000e+02
2.236800044775009155e-01,2.100000000000000000e+01
8.409100174903869629e-01,1.065000000000000000e+03
4.939199984073638916e-01,3.260000000000000000e+02
3.281499817967414856e-02,0.000000000000000000e+00
4.530400037765502930e-01,2.790000000000000000e+02
8.907499909400939941e-01,1.167000000000000000e+03
9.742500185966491699e-01,1.369000000000000000e+03
8.182700276374816895e-01,1.003000000000000000e+03
6.421800255775451660e-01,6.630000000000000000e+02
1.044699996709823608e-01,1.000000000000000000e+00
4.948600009083747864e-02,0.000000000000000000e+00
2.003300040960311890e-01,1.600000000000000000e+01
1.850699931383132935e-01,1.000000000000000000e+01
9.516500234603881836e-01,1.305000000000000000e+03
8.988700062036514282e-02,0.000000000000000000e+00
6.321499943733215332e-01,6.390000000000000000e+02
8.909400105476379395e-01,1.167000000000000000e+03
7.019000053405761719e-01,7.950000000000000000e+02
