3.675599992275238037e-01,1.342000000000000000e+03
7.358199954032897949e-01,2.345000000000000000e+03
5.991899967193603516e-01,2.005000000000000000e+03
9.238899946212768555e-01,2.746000000000000000e+03
2.806900143623352051e-01,1.003000000000000000e+03
1.026500016450881958e-01,1.210000000000000000e+02
6.012600064277648926e-01,2.011000000000000000e+03
5.839300155639648438e-01,1.963000000000000000e+03
6.860799789428710938e-01,2.222000000000000000e+03
7.957900166511535645e-01,2.480000000000000000e+03
8.307099938392639160e-01,2.553000000000000000e+03
1.938199996948242188e-01,6.220000000000000000e+02
2.558900117874145508e-01,9.120000000000000000e+02
8.391000032424926758e-01,2.564000000000000000e+03
7.135999798774719238e-01,2.286000000000000000e+03
6.393499970436096191e-01,2.106000000000000000e+03
3.879800066351890564e-02,0.000000000000000000e+00
1.828200072050094604e-01,5.760000000000000000e+02
9.610900282859802246e-01,2.826000000000000000e+03
6.304500252008438110e-02,1.400000000000000000e+01
