3.116700053215026855e-01,1.000000000000000000e+00
2.626799941062927246e-01,0.000000000000000000e+00
3.630599975585937500e-01,2.000000000000000000e+00
4.431700110435485840e-01,8.000000000000000000e+00
4.731799960136413574e-01,1.400000000000000000e+01
6.951100230216979980e-01,6.900000000000000000e+01
2.230799943208694458e-01,0.000000000000000000e+00
9.795600175857543945e-01,2.220000000000000000e+02
7.564499974250793457e-01,1.040000000000000000e+02
3.229799866676330566e-01,1.000000000000000000e+00
4.912900030612945557e-01,1.800000000000000000e+01
6.846299767494201660e-01,6.500000000000000000e+01
7.488200068473815918e-01,9.800000000000000000e+01
3.501600027084350586e-02,0.000000000000000000e+00
8.332200050354003906e-01,1.350000000000000000e+02
1.940100044012069702e-01,0.000000000000000000e+00
1.705300062894821167e-01,0.000000000000000000e+00
2.916299998760223389e-01,1.000000000000000000e+00
1.305200010538101196e-01,0.000000000000000000e+00
6.248300075531005859e-01,4.300000000000000000e+01
