6.147800013422966003e-02,0.000000000000000000e+00
3.803099989891052246e-01,4.000000000000000000e+00
8.623899817466735840e-01,1.460000000000000000e+02
4.482299983501434326e-01,6.000000000000000000e+00
3.629800081253051758e-01,4.000000000000000000e+00
7.267400026321411133e-01,7.400000000000000000e+01
9.941400289535522461e-01,2.500000000000000000e+02
1.510400027036666870e-01,0.000000000000000000e+00
1.481499969959259033e-01,0.000000000000000000e+00
1.635500043630599976e-01,0.000000000000000000e+00
7.994400262832641602e-01,1.060000000000000000e+02
7.356100082397460938e-01,7.700000000000000000e+01
2.207999974489212036e-01,0.000000000000000000e+00
6.521800160408020020e-01,5.000000000000000000e+01
1.443800032138824463e-01,0.000000000000000000e+00
9.429799914360046387e-01,2.080000000000000000e+02
6.315400004386901855e-01,4.400000000000000000e+01
4.106700122356414795e-01,4.000000000000000000e+00
5.669800043106079102e-01,2.500000000000000000e+01
5.749800205230712891e-01,2.600000000000000000e+01
