8.034899830818176270e-01,1.300000000000000000e+01
3.065499961376190186e-01,0.000000000000000000e+00
8.987699747085571289e-01,1.700000000000000000e+01
3.684900104999542236e-01,0.000000000000000000e+00
5.532199740409851074e-01,0.000000000000000000e+00
7.662699818611145020e-01,9.000000000000000000e+00
5.026800036430358887e-01,0.000000000000000000e+00
6.800500154495239258e-01,3.000000000000000000e+00
1.014799997210502625e-01,0.000000000000000000e+00
5.954099893569946289e-01,0.000000000000000000e+00
6.210799887776374817e-02,0.000000000000000000e+00
1.675200015306472778e-01,0.000000000000000000e+00
6.734700202941894531e-01,3.000000000000000000e+00
3.120400011539459229e-01,0.000000000000000000e+00
2.352000027894973755e-01,0.000000000000000000e+00
6.999700069427490234e-01,3.000000000000000000e+00
5.922600030899047852e-01,0.000000000000000000e+00
6.870499849319458008e-01,3.000000000000000000e+00
7.136999964714050293e-01,4.000000000000000000e+00
3.032500147819519043e-01,0.000000000000000000e+00
