5.198800005018711090e-03,0.000000000000000000e+00
2.284200042486190796e-01,0.000000000000000000e+00
4.343400001525878906e-01,0.000000000000000000e+00
5.850800275802612305e-01,1.000000000000000000e+00
1.432500034570693970e-01,0.000000000000000000e+00
1.738200038671493530e-01,0.000000000000000000e+00
9.772099852561950684e-01,3.900000000000000000e+01
6.066600084304809570e-01,2.000000000000000000e+00
9.896199703216552734e-01,4.100000000000000000e+01
7.902699708938598633e-01,7.000000000000000000e+00
7.755200266838073730e-01,7.000000000000000000e+00
4.327700138092041016e-01,0.000000000000000000e+00
6.727399826049804688e-01,3.000000000000000000e+00
4.677099883556365967e-01,0.000000000000000000e+00
4.235099852085113525e-01,0.000000000000000000e+00
8.454200029373168945e-01,1.200000000000000000e+01
9.872800111770629883e-01,4.100000000000000000e+01
8.207799792289733887e-01,9.000000000000000000e+00
4.039100110530853271e-01,0.000000000000000000e+00
6.121799945831298828e-01,2.000000000000000000e+00
