4.087199866771697998e-01,0.000000000000000000e+00
6.340600252151489258e-01,2.200000000000000000e+01
9.351800084114074707e-01,2.010000000000000000e+02
1.445800065994262695e-01,0.000000000000000000e+00
3.323099911212921143e-01,0.000000000000000000e+00
8.204699754714965820e-01,1.140000000000000000e+02
7.768800258636474609e-01,8.100000000000000000e+01
8.366699814796447754e-01,1.220000000000000000e+02
2.108999937772750854e-01,0.000000000000000000e+00
3.905200064182281494e-01,0.000000000000000000e+00
9.231899976730346680e-01,1.980000000000000000e+02
7.376400232315063477e-01,5.900000000000000000e+01
1.655900031328201294e-01,0.000000000000000000e+00
8.337200284004211426e-01,1.180000000000000000e+02
7.945299744606018066e-01,9.300000000000000000e+01
6.825999915599822998e-02,0.000000000000000000e+00
2.495400011539459229e-01,0.000000000000000000e+00
5.619999766349792480e-01,8.000000000000000000e+00
3.368200063705444336e-01,0.000000000000000000e+00
7.706800103187561035e-01,7.200000000000000000e+01
