4.654999971389770508e-01,1.430000000000000000e+02
1.364499926567077637e-01,0.000000000000000000e+00
7.039499878883361816e-01,4.420000000000000000e+02
5.443300008773803711e-01,2.240000000000000000e+02
2.660599946975708008e-01,1.300000000000000000e+01
5.734699964523315430e-01,2.610000000000000000e+02
2.766200006008148193e-01,2.200000000000000000e+01
8.743699789047241211e-01,7.310000000000000000e+02
5.537000251933932304e-04,0.000000000000000000e+00
1.775300055742263794e-01,1.000000000000000000e+00
3.907400071620941162e-01,6.600000000000000000e+01
3.306100070476531982e-01,3.800000000000000000e+01
6.241000294685363770e-01,3.240000000000000000e+02
6.577799916267395020e-01,3.800000000000000000e+02
6.546200066804885864e-02,0.000000000000000000e+00
8.792300224304199219e-01,7.390000000000000000e+02
3.048200011253356934e-01,2.600000000000000000e+01
2.109799981117248535e-01,4.000000000000000000e+00
7.541099786758422852e-01,5.250000000000000000e+02
3.696199953556060791e-01,5.400000000000000000e+01
