9.312199950218200684e-01,1.538000000000000000e+03
3.277400135993957520e-02,0.000000000000000000e+00
9.132999777793884277e-01,1.423000000000000000e+03
8.952999711036682129e-01,1.405000000000000000e+03
6.808599829673767090e-01,7.920000000000000000e+02
9.694499969482421875e-01,1.592000000000000000e+03
8.721399903297424316e-01,1.399000000000000000e+03
4.109899997711181641e-01,4.230000000000000000e+02
8.341500163078308105e-01,9.730000000000000000e+02
4.533500075340270996e-01,4.380000000000000000e+02
1.217200011014938354e-01,3.600000000000000000e+01
4.595600068569183350e-01,4.380000000000000000e+02
6.037300229072570801e-01,7.830000000000000000e+02
7.785800099372863770e-01,8.700000000000000000e+02
8.960599899291992188e-01,1.405000000000000000e+03
7.297899723052978516e-01,8.460000000000000000e+02
7.070500254631042480e-01,8.440000000000000000e+02
4.096300005912780762e-01,4.230000000000000000e+02
9.685000181198120117e-01,1.592000000000000000e+03
9.148200154304504395e-01,1.426000000000000000e+03
