6.711799651384353638e-02,0.000000000000000000e+00
1.293199956417083740e-01,0.000000000000000000e+00
3.540500104427337646e-01,0.000000000000000000e+00
2.216300070285797119e-01,0.000000000000000000e+00
3.157399892807006836e-01,0.000000000000000000e+00
5.609099864959716797e-01,1.100000000000000000e+01
8.453999757766723633e-01,7.900000000000000000e+01
7.595900297164916992e-01,5.300000000000000000e+01
3.258799910545349121e-01,0.000000000000000000e+00
6.500599980354309082e-01,2.500000000000000000e+01
5.039600133895874023e-01,5.000000000000000000e+00
7.971699833869934082e-01,5.900000000000000000e+01
4.699600115418434143e-02,0.000000000000000000e+00
2.963699959218502045e-02,0.000000000000000000e+00
4.964999854564666748e-01,5.000000000000000000e+00
2.954100072383880615e-01,0.000000000000000000e+00
2.054799944162368774e-01,0.000000000000000000e+00
2.195200026035308838e-01,0.000000000000000000e+00
5.852299928665161133e-01,1.200000000000000000e+01
6.892000138759613037e-02,0.000000000000000000e+00
