3.638299927115440369e-02,0.000000000000000000e+00
4.447900056838989258e-01,0.000000000000000000e+00
4.307899996638298035e-02,0.000000000000000000e+00
9.106199741363525391e-01,1.200000000000000000e+01
9.128000140190124512e-01,1.200000000000000000e+01
5.008900165557861328e-02,0.000000000000000000e+00
6.770700216293334961e-01,3.000000000000000000e+00
6.480399966239929199e-01,2.000000000000000000e+00
4.683200120925903320e-01,1.000000000000000000e+00
8.173400163650512695e-01,8.000000000000000000e+00
5.978900194168090820e-01,2.000000000000000000e+00
3.227199912071228027e-01,0.000000000000000000e+00
1.799100041389465332e-01,0.000000000000000000e+00
9.629200100898742676e-01,2.200000000000000000e+01
1.907700002193450928e-01,0.000000000000000000e+00
8.237600326538085938e-02,0.000000000000000000e+00
5.675200223922729492e-01,2.000000000000000000e+00
7.159399986267089844e-01,5.000000000000000000e+00
3.465900123119354248e-01,0.000000000000000000e+00
3.515799939632415771e-01,0.000000000000000000e+00
