1.637099981307983398e-01,0.000000000000000000e+00
5.501300096511840820e-01,0.000000000000000000e+00
1.850199997425079346e-01,0.000000000000000000e+00
4.248200058937072754e-01,0.000000000000000000e+00
4.442200064659118652e-01,0.000000000000000000e+00
2.675099968910217285e-01,0.000000000000000000e+00
4.530900120735168457e-01,0.000000000000000000e+00
4.442400038242340088e-01,0.000000000000000000e+00
5.149099826812744141e-01,0.000000000000000000e+00
2.264100015163421631e-01,0.000000000000000000e+00
9.412299990653991699e-01,2.200000000000000000e+01
8.911499977111816406e-01,1.400000000000000000e+01
6.078299880027770996e-01,0.000000000000000000e+00
9.714699983596801758e-01,2.600000000000000000e+01
3.948000073432922363e-01,0.000000000000000000e+00
9.126899838447570801e-01,1.800000000000000000e+01
4.995200037956237793e-01,0.000000000000000000e+00
7.405800223350524902e-01,5.000000000000000000e+00
5.862699747085571289e-01,0.000000000000000000e+00
9.768199920654296875e-01,2.700000000000000000e+01
