2.666099965572357178e-01,0.000000000000000000e+00
9.668999910354614258e-01,1.400000000000000000e+01
9.277999997138977051e-01,1.400000000000000000e+01
9.628900289535522461e-01,1.400000000000000000e+01
1.046499982476234436e-01,0.000000000000000000e+00
3.854199945926666260e-01,0.000000000000000000e+00
5.230900049209594727e-01,0.000000000000000000e+00
1.966399997472763062e-01,0.000000000000000000e+00
6.129699945449829102e-01,0.000000000000000000e+00
6.626799702644348145e-01,1.000000000000000000e+00
1.609999984502792358e-01,0.000000000000000000e+00
2.189099937677383423e-01,0.000000000000000000e+00
9.556900262832641602e-01,1.400000000000000000e+01
5.359399914741516113e-01,0.000000000000000000e+00
8.021900057792663574e-01,4.000000000000000000e+00
6.881499886512756348e-01,2.000000000000000000e+00
5.831800103187561035e-01,0.000000000000000000e+00
3.204300105571746826e-01,0.000000000000000000e+00
8.143900036811828613e-01,4.000000000000000000e+00
1.454199999570846558e-01,0.000000000000000000e+00
