5.013800263404846191e-01,3.000000000000000000e+00
8.515599966049194336e-01,8.500000000000000000e+01
6.490300297737121582e-01,2.400000000000000000e+01
2.393499948084354401e-02,0.000000000000000000e+00
6.389300227165222168e-01,2.300000000000000000e+01
5.374699831008911133e-01,9.000000000000000000e+00
6.236000061035156250e-01,1.900000000000000000e+01
1.188900023698806763e-01,0.000000000000000000e+00
7.645699977874755859e-01,5.400000000000000000e+01
2.569899857044219971e-01,0.000000000000000000e+00
8.465099930763244629e-01,8.000000000000000000e+01
3.329899907112121582e-01,0.000000000000000000e+00
1.570100039243698120e-01,0.000000000000000000e+00
8.216999769210815430e-01,6.700000000000000000e+01
5.866699814796447754e-01,1.300000000000000000e+01
7.715499997138977051e-01,5.700000000000000000e+01
8.418300151824951172e-01,8.000000000000000000e+01
4.778299927711486816e-01,2.000000000000000000e+00
8.593999743461608887e-01,8.800000000000000000e+01
5.581600069999694824e-01,1.000000000000000000e+01
