5.898100137710571289e-01,1.700000000000000000e+01
5.912399888038635254e-01,1.700000000000000000e+01
8.860599994659423828e-01,1.000000000000000000e+02
2.834999859333038330e-01,0.000000000000000000e+00
3.609800040721893311e-01,1.000000000000000000e+00
1.605000048875808716e-01,0.000000000000000000e+00
6.253899931907653809e-01,2.300000000000000000e+01
6.918299794197082520e-01,3.600000000000000000e+01
1.113499999046325684e-01,0.000000000000000000e+00
5.692399740219116211e-01,1.300000000000000000e+01
9.168400168418884277e-01,1.140000000000000000e+02
5.526499748229980469e-01,1.000000000000000000e+01
7.368800044059753418e-01,4.500000000000000000e+01
1.876399964094161987e-01,0.000000000000000000e+00
1.652200073003768921e-01,0.000000000000000000e+00
7.550200074911117554e-02,0.000000000000000000e+00
6.162199974060058594e-01,2.000000000000000000e+01
6.584900021553039551e-01,2.700000000000000000e+01
9.420700073242187500e-01,1.270000000000000000e+02
8.626300096511840820e-01,9.000000000000000000e+01
