1.046700030565261841e-01,0.000000000000000000e+00
4.647699892520904541e-01,0.000000000000000000e+00
2.043299973011016846e-01,0.000000000000000000e+00
7.996100187301635742e-01,7.000000000000000000e+00
3.071599900722503662e-01,0.000000000000000000e+00
9.004899859428405762e-01,1.500000000000000000e+01
7.344800233840942383e-01,3.000000000000000000e+00
5.290799736976623535e-01,0.000000000000000000e+00
5.485100150108337402e-01,0.000000000000000000e+00
9.331899881362915039e-01,1.800000000000000000e+01
2.365099936723709106e-01,0.000000000000000000e+00
5.697600245475769043e-01,0.000000000000000000e+00
8.014500141143798828e-01,7.000000000000000000e+00
4.434699937701225281e-02,0.000000000000000000e+00
4.863199889659881592e-01,0.000000000000000000e+00
4.202600121498107910e-01,0.000000000000000000e+00
8.068600296974182129e-01,7.000000000000000000e+00
7.787700295448303223e-01,5.000000000000000000e+00
3.581799864768981934e-01,0.000000000000000000e+00
4.169400036334991455e-01,0.000000000000000000e+00
