1.878399997949600220e-01,0.000000000000000000e+00
8.767600357532501221e-02,0.000000000000000000e+00
4.029399901628494263e-02,0.000000000000000000e+00
4.546300042420625687e-03,0.000000000000000000e+00
3.573200106620788574e-01,0.000000000000000000e+00
2.758699953556060791e-01,0.000000000000000000e+00
4.637700021266937256e-01,0.000000000000000000e+00
1.296299993991851807e-01,0.000000000000000000e+00
5.669199824333190918e-01,0.000000000000000000e+00
7.520200014114379883e-01,7.000000000000000000e+00
2.599399983882904053e-01,0.000000000000000000e+00
8.404400199651718140e-02,0.000000000000000000e+00
6.641200184822082520e-01,3.000000000000000000e+00
2.168499976396560669e-01,0.000000000000000000e+00
7.483900189399719238e-01,7.000000000000000000e+00
1.897500008344650269e-01,0.000000000000000000e+00
9.818599820137023926e-01,3.700000000000000000e+01
5.212299823760986328e-01,0.000000000000000000e+00
9.580000042915344238e-01,3.300000000000000000e+01
2.129199951887130737e-01,0.000000000000000000e+00
