7.715299725532531738e-01,7.100000000000000000e+01
4.331800043582916260e-01,0.000000000000000000e+00
9.478600025177001953e-01,2.040000000000000000e+02
9.914000034332275391e-01,2.400000000000000000e+02
8.209400177001953125e-01,1.010000000000000000e+02
5.628100037574768066e-01,6.000000000000000000e+00
4.701499938964843750e-01,1.000000000000000000e+00
6.327599883079528809e-01,1.800000000000000000e+01
1.268199980258941650e-01,0.000000000000000000e+00
7.927799820899963379e-01,8.300000000000000000e+01
9.198899865150451660e-01,1.770000000000000000e+02
6.753600239753723145e-01,3.100000000000000000e+01
9.675300121307373047e-01,2.200000000000000000e+02
3.702299892902374268e-01,0.000000000000000000e+00
5.390800237655639648e-01,6.000000000000000000e+00
7.940499782562255859e-01,8.400000000000000000e+01
2.424100041389465332e-01,0.000000000000000000e+00
7.379400134086608887e-01,5.800000000000000000e+01
1.317899972200393677e-01,0.000000000000000000e+00
9.290999770164489746e-01,1.850000000000000000e+02
