3.434500098228454590e-01,1.100000000000000000e+01
3.555299937725067139e-01,1.400000000000000000e+01
6.200600042939186096e-02,0.000000000000000000e+00
3.490300104022026062e-02,0.000000000000000000e+00
3.819699883460998535e-01,2.500000000000000000e+01
8.924800157546997070e-01,5.460000000000000000e+02
6.484199762344360352e-01,2.240000000000000000e+02
3.712700009346008301e-01,2.200000000000000000e+01
5.326700210571289062e-01,1.010000000000000000e+02
7.422699928283691406e-01,3.190000000000000000e+02
9.645400047302246094e-01,6.580000000000000000e+02
1.297499984502792358e-01,0.000000000000000000e+00
4.350000023841857910e-01,4.600000000000000000e+01
4.059300124645233154e-01,3.400000000000000000e+01
2.036200016736984253e-01,1.000000000000000000e+00
1.407199949026107788e-01,0.000000000000000000e+00
7.360500097274780273e-01,3.100000000000000000e+02
2.324600070714950562e-01,1.000000000000000000e+00
9.198600053787231445e-01,5.870000000000000000e+02
4.246100038290023804e-02,0.000000000000000000e+00
