4.713299870491027832e-01,1.000000000000000000e+00
1.345500051975250244e-01,0.000000000000000000e+00
8.659399747848510742e-01,4.000000000000000000e+01
2.131000012159347534e-01,0.000000000000000000e+00
8.146399855613708496e-01,3.600000000000000000e+01
4.886899888515472412e-01,1.000000000000000000e+00
2.123399972915649414e-01,0.000000000000000000e+00
2.148800045251846313e-01,0.000000000000000000e+00
4.137599840760231018e-02,0.000000000000000000e+00
8.868200182914733887e-01,4.300000000000000000e+01
6.674100160598754883e-01,1.300000000000000000e+01
4.700700044631958008e-01,1.000000000000000000e+00
3.370699882507324219e-01,0.000000000000000000e+00
1.771299988031387329e-01,0.000000000000000000e+00
9.332000017166137695e-01,5.200000000000000000e+01
5.349699854850769043e-01,2.000000000000000000e+00
9.243000149726867676e-01,4.900000000000000000e+01
1.960700005292892456e-01,0.000000000000000000e+00
5.466099977493286133e-01,2.000000000000000000e+00
8.533200025558471680e-01,4.000000000000000000e+01
