3.831000030040740967e-01,1.330000000000000000e+02
1.293400023132562637e-02,0.000000000000000000e+00
1.253399997949600220e-01,0.000000000000000000e+00
9.141299724578857422e-01,1.097000000000000000e+03
1.684300005435943604e-01,1.000000000000000000e+00
2.427400052547454834e-01,1.700000000000000000e+01
9.840700030326843262e-01,1.235000000000000000e+03
3.966900110244750977e-01,1.430000000000000000e+02
7.962399721145629883e-01,8.500000000000000000e+02
7.185500264167785645e-01,7.120000000000000000e+02
4.172799885272979736e-01,1.690000000000000000e+02
2.461300045251846313e-01,1.800000000000000000e+01
4.962100088596343994e-01,2.980000000000000000e+02
6.184399724006652832e-01,5.230000000000000000e+02
2.188999950885772705e-01,1.000000000000000000e+01
1.655600070953369141e-01,1.000000000000000000e+00
3.917900025844573975e-01,1.390000000000000000e+02
5.732700228691101074e-01,4.420000000000000000e+02
4.754500091075897217e-01,2.610000000000000000e+02
4.638400077819824219e-01,2.370000000000000000e+02
