3.058499991893768311e-01,2.000000000000000000e+00
5.360500216484069824e-01,3.500000000000000000e+01
5.322099924087524414e-01,3.500000000000000000e+01
7.670000195503234863e-01,1.510000000000000000e+02
9.164100289344787598e-01,2.500000000000000000e+02
4.353199899196624756e-01,1.600000000000000000e+01
1.859899982810020447e-02,0.000000000000000000e+00
9.762700200080871582e-01,2.980000000000000000e+02
8.964700102806091309e-01,2.340000000000000000e+02
1.100099980831146240e-01,0.000000000000000000e+00
3.766100108623504639e-01,6.000000000000000000e+00
5.964400172233581543e-01,5.600000000000000000e+01
4.530099928379058838e-01,1.700000000000000000e+01
7.792199850082397461e-01,1.560000000000000000e+02
4.727500081062316895e-01,2.100000000000000000e+01
3.419800102710723877e-01,4.000000000000000000e+00
5.345299839973449707e-01,3.500000000000000000e+01
5.676500201225280762e-01,4.400000000000000000e+01
8.682000041007995605e-01,2.110000000000000000e+02
6.989099979400634766e-01,1.080000000000000000e+02
