8.955900073051452637e-01,2.893000000000000000e+03
2.774699963629245758e-02,0.000000000000000000e+00
5.641099810600280762e-01,2.152000000000000000e+03
1.414099931716918945e-01,4.580000000000000000e+02
4.579200148582458496e-01,1.863000000000000000e+03
7.149500250816345215e-01,2.510000000000000000e+03
2.681899964809417725e-01,1.208000000000000000e+03
8.953499794006347656e-01,2.893000000000000000e+03
8.444800227880477905e-02,3.200000000000000000e+01
4.562399983406066895e-01,1.857000000000000000e+03
9.223899841308593750e-01,2.948000000000000000e+03
2.429500073194503784e-01,1.100000000000000000e+03
1.466600000858306885e-01,5.010000000000000000e+02
7.787700295448303223e-01,2.650000000000000000e+03
3.858299851417541504e-01,1.647000000000000000e+03
4.435600042343139648e-01,1.821000000000000000e+03
9.486399888992309570e-01,2.999000000000000000e+03
9.932399988174438477e-01,3.086000000000000000e+03
1.411699950695037842e-01,4.570000000000000000e+02
3.074499964714050293e-01,1.368000000000000000e+03
