3.214200139045715332e-01,2.650000000000000000e+02
8.732500076293945312e-01,2.244000000000000000e+03
8.959400057792663574e-01,2.305000000000000000e+03
2.093300074338912964e-01,1.100000000000000000e+01
5.285999774932861328e-01,1.206000000000000000e+03
7.318599820137023926e-01,1.876000000000000000e+03
4.716499894857406616e-02,0.000000000000000000e+00
7.441800236701965332e-01,1.911000000000000000e+03
8.168100118637084961e-01,2.102000000000000000e+03
6.189500093460083008e-01,1.533000000000000000e+03
9.220899939537048340e-01,2.375000000000000000e+03
2.409200072288513184e-01,3.100000000000000000e+01
9.293599724769592285e-01,2.389000000000000000e+03
6.177800297737121582e-01,1.533000000000000000e+03
2.302500009536743164e-01,2.300000000000000000e+01
7.086300253868103027e-01,1.812000000000000000e+03
4.176500141620635986e-01,7.390000000000000000e+02
3.727400004863739014e-01,5.240000000000000000e+02
1.613499969244003296e-01,0.000000000000000000e+00
9.618200063705444336e-01,2.463000000000000000e+03
