3.794099986553192139e-01,3.110000000000000000e+02
9.038599729537963867e-01,1.495000000000000000e+03
7.897800207138061523e-01,1.210000000000000000e+03
3.013800084590911865e-01,1.440000000000000000e+02
8.535299897193908691e-01,1.368000000000000000e+03
2.092799991369247437e-01,5.100000000000000000e+01
2.579700052738189697e-01,9.800000000000000000e+01
1.859399974346160889e-01,3.600000000000000000e+01
7.319099903106689453e-01,1.107000000000000000e+03
7.555699944496154785e-01,1.145000000000000000e+03
5.983899831771850586e-01,8.250000000000000000e+02
2.094700001180171967e-02,0.000000000000000000e+00
2.587699890136718750e-01,9.800000000000000000e+01
1.875000000000000000e-01,3.600000000000000000e+01
1.382600069046020508e-01,1.100000000000000000e+01
2.118099927902221680e-01,5.300000000000000000e+01
3.264099955558776855e-01,1.780000000000000000e+02
7.672100067138671875e-01,1.163000000000000000e+03
9.474999904632568359e-01,1.596000000000000000e+03
9.931100010871887207e-01,1.720000000000000000e+03
