6.659899950027465820e-01,2.840000000000000000e+02
7.380200028419494629e-01,3.670000000000000000e+02
7.284799814224243164e-01,3.600000000000000000e+02
2.959100008010864258e-01,4.000000000000000000e+00
6.216700077056884766e-01,2.340000000000000000e+02
6.051200032234191895e-01,2.140000000000000000e+02
6.311299800872802734e-01,2.450000000000000000e+02
7.809000015258789062e-01,4.200000000000000000e+02
9.833300113677978516e-01,7.120000000000000000e+02
3.577300012111663818e-01,1.400000000000000000e+01
4.307700097560882568e-01,5.000000000000000000e+01
3.905700147151947021e-01,3.100000000000000000e+01
3.073399960994720459e-01,4.000000000000000000e+00
4.846400022506713867e-01,8.200000000000000000e+01
8.264099955558776855e-01,4.740000000000000000e+02
3.084999918937683105e-01,4.000000000000000000e+00
7.507399916648864746e-01,3.820000000000000000e+02
6.021999716758728027e-01,2.110000000000000000e+02
9.861499816179275513e-02,0.000000000000000000e+00
7.750700116157531738e-01,4.160000000000000000e+02
