7.663400173187255859e-01,1.270000000000000000e+02
6.324200034141540527e-01,5.900000000000000000e+01
8.096500039100646973e-01,1.500000000000000000e+02
4.785499870777130127e-01,1.300000000000000000e+01
7.232999801635742188e-01,1.000000000000000000e+02
2.763299942016601562e-01,1.000000000000000000e+00
1.144199967384338379e-01,0.000000000000000000e+00
9.979100227355957031e-01,3.030000000000000000e+02
7.683699727058410645e-01,1.280000000000000000e+02
6.672099828720092773e-01,7.300000000000000000e+01
4.482800066471099854e-01,1.000000000000000000e+01
6.136299967765808105e-01,5.300000000000000000e+01
7.773900032043457031e-01,1.310000000000000000e+02
3.811700046062469482e-01,5.000000000000000000e+00
1.256999969482421875e-01,0.000000000000000000e+00
8.519799709320068359e-01,1.780000000000000000e+02
7.924500107765197754e-01,1.380000000000000000e+02
5.916100144386291504e-01,4.300000000000000000e+01
7.444999814033508301e-01,1.100000000000000000e+02
6.496599912643432617e-01,6.500000000000000000e+01
