5.174199938774108887e-01,5.340000000000000000e+02
2.462700009346008301e-01,3.800000000000000000e+01
3.397099971771240234e-01,1.430000000000000000e+02
4.419600069522857666e-01,3.470000000000000000e+02
2.600100040435791016e-01,5.200000000000000000e+01
8.314700126647949219e-01,1.284000000000000000e+03
5.124000087380409241e-02,0.000000000000000000e+00
9.634900093078613281e-01,1.598000000000000000e+03
7.024599909782409668e-01,9.870000000000000000e+02
3.654499948024749756e-01,1.890000000000000000e+02
8.920999765396118164e-01,1.439000000000000000e+03
3.833000063896179199e-01,2.320000000000000000e+02
7.982199788093566895e-01,1.208000000000000000e+03
9.704399704933166504e-01,1.618000000000000000e+03
3.651100099086761475e-01,1.880000000000000000e+02
3.071199953556060791e-01,9.600000000000000000e+01
9.905300140380859375e-01,1.667000000000000000e+03
4.471499919891357422e-01,3.570000000000000000e+02
1.635099947452545166e-01,3.000000000000000000e+00
3.075399994850158691e-01,9.600000000000000000e+01
