2.791199982166290283e-01,0.000000000000000000e+00
5.184800028800964355e-01,1.200000000000000000e+01
8.954700231552124023e-01,3.740000000000000000e+02
8.993600010871887207e-01,3.810000000000000000e+02
2.454899996519088745e-01,0.000000000000000000e+00
7.754700183868408203e-01,1.990000000000000000e+02
4.382199943065643311e-01,2.000000000000000000e+00
2.244099974632263184e-01,0.000000000000000000e+00
4.639399945735931396e-01,6.000000000000000000e+00
6.999300122261047363e-01,1.190000000000000000e+02
5.982400104403495789e-02,0.000000000000000000e+00
6.452299952507019043e-01,7.500000000000000000e+01
6.867499947547912598e-01,1.050000000000000000e+02
7.505099773406982422e-01,1.660000000000000000e+02
7.971000075340270996e-01,2.340000000000000000e+02
5.371999740600585938e-01,1.400000000000000000e+01
2.707399986684322357e-02,0.000000000000000000e+00
3.281799852848052979e-01,0.000000000000000000e+00
6.963599920272827148e-01,1.140000000000000000e+02
9.836300015449523926e-01,5.250000000000000000e+02
