8.695700168609619141e-01,2.023000000000000000e+03
2.813499867916107178e-01,1.510000000000000000e+02
4.734100103378295898e-01,7.410000000000000000e+02
2.529299855232238770e-01,1.000000000000000000e+02
3.926900029182434082e-01,4.840000000000000000e+02
6.804199814796447754e-01,1.483000000000000000e+03
8.386099934577941895e-01,1.933000000000000000e+03
8.121100068092346191e-01,1.851000000000000000e+03
3.212400078773498535e-01,2.390000000000000000e+02
6.664900183677673340e-01,1.449000000000000000e+03
3.137199878692626953e-01,2.310000000000000000e+02
1.378300040960311890e-01,8.000000000000000000e+00
3.436399996280670166e-01,3.030000000000000000e+02
1.861400008201599121e-01,3.300000000000000000e+01
6.264200210571289062e-01,1.332000000000000000e+03
2.667500078678131104e-01,1.230000000000000000e+02
2.644299864768981934e-01,1.190000000000000000e+02
6.155700087547302246e-01,1.290000000000000000e+03
3.395799994468688965e-01,2.900000000000000000e+02
6.585900187492370605e-01,1.428000000000000000e+03
