9.071300029754638672e-01,5.910000000000000000e+02
6.642699837684631348e-01,2.440000000000000000e+02
7.510600090026855469e-01,3.500000000000000000e+02
7.566599845886230469e-01,3.560000000000000000e+02
2.254199981689453125e-01,0.000000000000000000e+00
4.647400081157684326e-01,7.300000000000000000e+01
9.338899850845336914e-01,6.350000000000000000e+02
1.596499979496002197e-02,0.000000000000000000e+00
5.613999962806701660e-01,1.510000000000000000e+02
9.178699851036071777e-01,6.060000000000000000e+02
3.118599951267242432e-01,5.000000000000000000e+00
3.313100039958953857e-01,8.000000000000000000e+00
7.749400138854980469e-01,3.840000000000000000e+02
4.083899855613708496e-01,3.600000000000000000e+01
5.817500129342079163e-02,0.000000000000000000e+00
8.653900027275085449e-01,5.230000000000000000e+02
3.195300102233886719e-01,6.000000000000000000e+00
8.252199888229370117e-01,4.540000000000000000e+02
6.734799742698669434e-01,2.540000000000000000e+02
5.536500215530395508e-01,1.440000000000000000e+02
