9.174100160598754883e-01,8.800000000000000000e+01
6.856200098991394043e-01,3.000000000000000000e+01
1.373099982738494873e-01,0.000000000000000000e+00
9.830899834632873535e-01,1.100000000000000000e+02
1.977600008249282837e-01,0.000000000000000000e+00
4.336700141429901123e-01,1.000000000000000000e+00
7.439100146293640137e-01,3.800000000000000000e+01
2.702800035476684570e-01,0.000000000000000000e+00
8.706200122833251953e-01,7.500000000000000000e+01
9.572399854660034180e-01,1.040000000000000000e+02
9.465399980545043945e-01,1.020000000000000000e+02
8.224200010299682617e-01,5.900000000000000000e+01
6.794599890708923340e-01,2.800000000000000000e+01
9.600600004196166992e-01,1.050000000000000000e+02
1.254000067710876465e-01,0.000000000000000000e+00
4.216499924659729004e-01,1.000000000000000000e+00
6.220999956130981445e-01,1.900000000000000000e+01
2.459100037813186646e-01,0.000000000000000000e+00
8.721599727869033813e-02,0.000000000000000000e+00
9.085900187492370605e-01,8.700000000000000000e+01
