3.286800086498260498e-01,0.000000000000000000e+00
4.359599947929382324e-01,0.000000000000000000e+00
9.533900022506713867e-01,1.080000000000000000e+02
7.824599742889404297e-01,3.900000000000000000e+01
5.348899960517883301e-01,0.000000000000000000e+00
9.432700276374816895e-01,9.800000000000000000e+01
7.198399901390075684e-01,1.800000000000000000e+01
6.949000060558319092e-02,0.000000000000000000e+00
9.871199727058410645e-01,1.270000000000000000e+02
2.174499928951263428e-01,0.000000000000000000e+00
3.478699922561645508e-01,0.000000000000000000e+00
3.293200135231018066e-01,0.000000000000000000e+00
8.177400231361389160e-01,4.500000000000000000e+01
4.106000065803527832e-01,0.000000000000000000e+00
4.050500094890594482e-01,0.000000000000000000e+00
5.945299863815307617e-01,2.000000000000000000e+00
9.437699913978576660e-01,9.800000000000000000e+01
4.459500014781951904e-01,0.000000000000000000e+00
3.513199985027313232e-01,0.000000000000000000e+00
4.278999865055084229e-01,0.000000000000000000e+00
