9.279199838638305664e-01,1.620000000000000000e+02
7.906500101089477539e-01,7.700000000000000000e+01
1.844100058078765869e-01,0.000000000000000000e+00
2.453799918293952942e-02,0.000000000000000000e+00
5.662800073623657227e-01,1.300000000000000000e+01
1.097000017762184143e-01,0.000000000000000000e+00
4.714199900627136230e-01,4.000000000000000000e+00
9.607599973678588867e-01,2.000000000000000000e+02
4.056400060653686523e-01,2.000000000000000000e+00
5.334200263023376465e-01,9.000000000000000000e+00
6.368499994277954102e-01,2.200000000000000000e+01
2.623599953949451447e-02,0.000000000000000000e+00
8.293099701404571533e-02,0.000000000000000000e+00
5.460199713706970215e-01,1.200000000000000000e+01
8.532400131225585938e-01,1.180000000000000000e+02
2.881500124931335449e-01,0.000000000000000000e+00
9.631100296974182129e-01,2.010000000000000000e+02
5.444600246846675873e-04,0.000000000000000000e+00
4.815799891948699951e-01,5.000000000000000000e+00
9.845700263977050781e-01,2.140000000000000000e+02
