1.637800037860870361e-01,0.000000000000000000e+00
1.968700066208839417e-02,0.000000000000000000e+00
4.571900069713592529e-01,1.000000000000000000e+00
3.701199889183044434e-01,1.000000000000000000e+00
7.057800292968750000e-01,1.100000000000000000e+01
3.250899910926818848e-01,0.000000000000000000e+00
9.259200096130371094e-01,9.700000000000000000e+01
1.323699951171875000e-01,0.000000000000000000e+00
1.932999938726425171e-01,0.000000000000000000e+00
6.219499707221984863e-01,1.100000000000000000e+01
7.875300198793411255e-02,0.000000000000000000e+00
7.234200090169906616e-02,0.000000000000000000e+00
7.201200127601623535e-01,1.100000000000000000e+01
7.290099859237670898e-01,1.100000000000000000e+01
7.489100098609924316e-01,1.100000000000000000e+01
1.971399933099746704e-01,0.000000000000000000e+00
8.923100233078002930e-01,9.500000000000000000e+01
4.594199955463409424e-01,1.000000000000000000e+00
6.198499798774719238e-01,1.100000000000000000e+01
6.992099881172180176e-01,1.100000000000000000e+01
