1.028600037097930908e-01,0.000000000000000000e+00
3.831900060176849365e-01,8.900000000000000000e+01
6.482999920845031738e-01,4.730000000000000000e+02
5.454199910163879395e-01,3.040000000000000000e+02
3.522300124168395996e-01,6.000000000000000000e+01
1.426800042390823364e-01,0.000000000000000000e+00
7.615299820899963379e-01,6.910000000000000000e+02
6.602600216865539551e-01,4.910000000000000000e+02
9.975299835205078125e-01,1.176000000000000000e+03
3.132100105285644531e-01,3.300000000000000000e+01
5.858600139617919922e-01,3.670000000000000000e+02
8.035500049591064453e-01,7.750000000000000000e+02
9.473000168800354004e-01,1.062000000000000000e+03
8.996000289916992188e-01,9.570000000000000000e+02
5.261899828910827637e-01,2.800000000000000000e+02
3.438600003719329834e-01,5.500000000000000000e+01
5.589399933815002441e-01,3.250000000000000000e+02
3.248299956321716309e-01,4.100000000000000000e+01
5.693899989128112793e-01,3.370000000000000000e+02
5.656800270080566406e-01,3.320000000000000000e+02
