3.148800134658813477e-01,1.000000000000000000e+00
7.041699886322021484e-01,3.200000000000000000e+01
7.163400053977966309e-01,3.300000000000000000e+01
5.392400026321411133e-01,8.000000000000000000e+00
5.793899893760681152e-01,1.300000000000000000e+01
1.064599975943565369e-01,0.000000000000000000e+00
2.502799928188323975e-01,0.000000000000000000e+00
8.117300271987915039e-01,5.200000000000000000e+01
3.915499895811080933e-02,0.000000000000000000e+00
8.244799822568893433e-02,0.000000000000000000e+00
7.335699796676635742e-01,3.900000000000000000e+01
5.519800186157226562e-01,1.000000000000000000e+01
4.348399862647056580e-02,0.000000000000000000e+00
5.106499791145324707e-01,5.000000000000000000e+00
9.412099719047546387e-01,1.020000000000000000e+02
7.182199954986572266e-01,3.400000000000000000e+01
9.185500144958496094e-01,8.500000000000000000e+01
4.115200042724609375e-01,1.000000000000000000e+00
2.024500072002410889e-01,0.000000000000000000e+00
4.044100046157836914e-01,1.000000000000000000e+00
