7.100899815559387207e-01,6.000000000000000000e+00
8.600000143051147461e-01,1.700000000000000000e+01
7.148600220680236816e-01,6.000000000000000000e+00
7.254899740219116211e-01,6.000000000000000000e+00
4.102700054645538330e-01,0.000000000000000000e+00
4.889100044965744019e-02,0.000000000000000000e+00
6.293299794197082520e-01,1.000000000000000000e+00
7.446500062942504883e-01,8.000000000000000000e+00
1.694200038909912109e-01,0.000000000000000000e+00
9.738299846649169922e-01,4.500000000000000000e+01
2.391400039196014404e-01,0.000000000000000000e+00
6.012200117111206055e-01,1.000000000000000000e+00
4.023700058460235596e-01,0.000000000000000000e+00
9.078000187873840332e-01,3.100000000000000000e+01
1.820400059223175049e-01,0.000000000000000000e+00
5.214200019836425781e-01,0.000000000000000000e+00
8.601300120353698730e-01,1.700000000000000000e+01
3.264699876308441162e-01,0.000000000000000000e+00
6.036199927330017090e-01,1.000000000000000000e+00
6.144899725914001465e-01,1.000000000000000000e+00
