3.023200035095214844e-01,6.220000000000000000e+02
6.588600277900695801e-01,1.797000000000000000e+03
8.196999877691268921e-02,1.000000000000000000e+00
7.200400233268737793e-01,1.953000000000000000e+03
4.740599989891052246e-01,1.249000000000000000e+03
8.908100128173828125e-01,2.359000000000000000e+03
2.731800079345703125e-01,4.980000000000000000e+02
5.570999979972839355e-01,1.516000000000000000e+03
2.047400027513504028e-01,2.120000000000000000e+02
3.524200022220611572e-01,8.190000000000000000e+02
5.406799912452697754e-01,1.456000000000000000e+03
7.169799804687500000e-01,1.946000000000000000e+03
7.420200109481811523e-02,1.000000000000000000e+00
8.843299746513366699e-01,2.345000000000000000e+03
6.474800109863281250e-01,1.764000000000000000e+03
5.045499801635742188e-01,1.343000000000000000e+03
5.578099936246871948e-02,0.000000000000000000e+00
9.866899847984313965e-01,2.562000000000000000e+03
6.123200058937072754e-01,1.670000000000000000e+03
7.124400138854980469e-01,1.938000000000000000e+03
