6.923900246620178223e-01,5.400000000000000000e+01
2.984600067138671875e-01,0.000000000000000000e+00
7.276999950408935547e-01,6.500000000000000000e+01
3.242700099945068359e-01,1.000000000000000000e+00
2.247100025415420532e-01,0.000000000000000000e+00
8.164399862289428711e-01,1.050000000000000000e+02
9.967600107192993164e-01,2.180000000000000000e+02
4.388999938964843750e-01,6.000000000000000000e+00
8.241000175476074219e-01,1.090000000000000000e+02
1.319299936294555664e-01,0.000000000000000000e+00
6.875699758529663086e-01,5.300000000000000000e+01
9.859700202941894531e-01,2.140000000000000000e+02
7.845699787139892578e-01,8.700000000000000000e+01
7.704300284385681152e-01,8.500000000000000000e+01
2.411500066518783569e-01,0.000000000000000000e+00
5.891699790954589844e-01,3.100000000000000000e+01
1.780800074338912964e-01,0.000000000000000000e+00
6.608999967575073242e-01,4.900000000000000000e+01
6.420599818229675293e-01,4.700000000000000000e+01
5.527799725532531738e-01,2.400000000000000000e+01
