8.165299892425537109e-01,1.325000000000000000e+03
2.717899978160858154e-01,3.000000000000000000e+00
4.324899911880493164e-01,1.340000000000000000e+02
5.192599892616271973e-01,3.320000000000000000e+02
8.015199899673461914e-01,1.275000000000000000e+03
1.980299949645996094e-01,0.000000000000000000e+00
7.435500025749206543e-01,1.074000000000000000e+03
8.927800059318542480e-01,1.552000000000000000e+03
9.046999812126159668e-01,1.594000000000000000e+03
3.305700123310089111e-01,1.700000000000000000e+01
8.466500043869018555e-01,1.426000000000000000e+03
7.232000231742858887e-01,1.008000000000000000e+03
8.424000144004821777e-01,1.406000000000000000e+03
6.020299792289733887e-01,5.900000000000000000e+02
9.553699940443038940e-02,0.000000000000000000e+00
9.458299726247787476e-02,0.000000000000000000e+00
6.026099920272827148e-01,5.950000000000000000e+02
1.291500031948089600e-01,0.000000000000000000e+00
4.027700051665306091e-02,0.000000000000000000e+00
6.356300115585327148e-01,7.020000000000000000e+02
