3.544099926948547363e-01,2.520000000000000000e+02
9.649599790573120117e-01,1.802000000000000000e+03
3.473199903964996338e-01,2.260000000000000000e+02
4.277899861335754395e-01,4.220000000000000000e+02
4.461399912834167480e-01,4.610000000000000000e+02
3.897700086236000061e-02,0.000000000000000000e+00
5.131400227546691895e-01,6.540000000000000000e+02
9.682999849319458008e-01,1.806000000000000000e+03
8.224099874496459961e-01,1.457000000000000000e+03
8.622599840164184570e-01,1.554000000000000000e+03
2.655000090599060059e-01,8.600000000000000000e+01
4.165500104427337646e-01,3.920000000000000000e+02
9.985100030899047852e-01,1.867000000000000000e+03
4.247999936342239380e-02,0.000000000000000000e+00
6.331300139427185059e-01,9.710000000000000000e+02
1.352699995040893555e-01,0.000000000000000000e+00
4.801999926567077637e-01,5.650000000000000000e+02
4.307900071144104004e-01,4.260000000000000000e+02
3.251000046730041504e-01,1.870000000000000000e+02
6.585399806499481201e-02,0.000000000000000000e+00
