3.233000040054321289e-01,2.100000000000000000e+01
3.862299919128417969e-01,4.900000000000000000e+01
9.049000144004821777e-01,6.940000000000000000e+02
2.811900079250335693e-01,9.000000000000000000e+00
6.756299734115600586e-01,3.270000000000000000e+02
8.372300267219543457e-01,5.860000000000000000e+02
3.691799938678741455e-01,3.600000000000000000e+01
8.156399726867675781e-01,5.450000000000000000e+02
3.232800066471099854e-01,2.100000000000000000e+01
3.565900027751922607e-01,3.200000000000000000e+01
4.621599912643432617e-01,1.060000000000000000e+02
8.570799827575683594e-01,6.180000000000000000e+02
4.524700045585632324e-01,1.000000000000000000e+02
6.490600109100341797e-01,2.860000000000000000e+02
4.647699892520904541e-01,1.090000000000000000e+02
6.953299790620803833e-02,0.000000000000000000e+00
7.023199796676635742e-01,3.610000000000000000e+02
3.750199973583221436e-01,4.000000000000000000e+01
3.709900081157684326e-01,3.900000000000000000e+01
1.060499995946884155e-01,0.000000000000000000e+00
