6.616700291633605957e-01,3.000000000000000000e+01
6.463099718093872070e-01,2.000000000000000000e+01
9.527699947357177734e-01,2.350000000000000000e+02
1.908300071954727173e-01,0.000000000000000000e+00
6.251299977302551270e-01,1.600000000000000000e+01
3.487200140953063965e-01,0.000000000000000000e+00
9.780399799346923828e-01,2.660000000000000000e+02
3.666999936103820801e-01,0.000000000000000000e+00
5.150600075721740723e-01,3.000000000000000000e+00
8.131399750709533691e-01,1.070000000000000000e+02
3.673300147056579590e-02,0.000000000000000000e+00
8.719400167465209961e-01,1.490000000000000000e+02
3.398999869823455811e-01,0.000000000000000000e+00
9.965400099754333496e-01,2.830000000000000000e+02
2.557199895381927490e-01,0.000000000000000000e+00
1.699800044298171997e-01,0.000000000000000000e+00
6.774299740791320801e-01,3.600000000000000000e+01
6.497300267219543457e-01,2.500000000000000000e+01
7.500699758529663086e-01,6.700000000000000000e+01
4.000799953937530518e-01,0.000000000000000000e+00
