4.612999856472015381e-01,2.060000000000000000e+02
2.417999953031539917e-01,1.700000000000000000e+01
9.788399934768676758e-02,0.000000000000000000e+00
1.026899963617324829e-01,0.000000000000000000e+00
1.641899943351745605e-01,1.000000000000000000e+00
6.980200111865997314e-02,0.000000000000000000e+00
4.841000139713287354e-01,2.360000000000000000e+02
2.150399982929229736e-01,1.000000000000000000e+01
1.692799925804138184e-01,1.000000000000000000e+00
4.338600039482116699e-01,1.770000000000000000e+02
1.740999966859817505e-01,2.000000000000000000e+00
7.716699838638305664e-01,7.780000000000000000e+02
4.336299896240234375e-01,1.770000000000000000e+02
2.403399944305419922e-01,1.700000000000000000e+01
6.357399821281433105e-01,5.120000000000000000e+02
1.069800034165382385e-01,0.000000000000000000e+00
3.393299877643585205e-01,7.900000000000000000e+01
2.616499960422515869e-01,2.400000000000000000e+01
9.646999835968017578e-01,1.142000000000000000e+03
7.256300002336502075e-02,0.000000000000000000e+00
