5.847600102424621582e-01,4.200000000000000000e+01
3.723100125789642334e-01,6.000000000000000000e+00
3.415600061416625977e-01,6.000000000000000000e+00
3.481500148773193359e-01,6.000000000000000000e+00
3.744699954986572266e-01,6.000000000000000000e+00
3.433800041675567627e-01,6.000000000000000000e+00
9.803699851036071777e-01,2.900000000000000000e+02
4.802800118923187256e-01,4.100000000000000000e+01
5.525900125503540039e-01,4.100000000000000000e+01
6.651300191879272461e-01,4.800000000000000000e+01
1.261399965733289719e-02,0.000000000000000000e+00
5.406299829483032227e-01,4.100000000000000000e+01
4.456399977207183838e-01,1.100000000000000000e+01
1.385699957609176636e-01,0.000000000000000000e+00
5.777999758720397949e-01,4.100000000000000000e+01
6.907899975776672363e-01,5.200000000000000000e+01
6.609699726104736328e-01,4.800000000000000000e+01
8.487100005149841309e-01,2.830000000000000000e+02
8.721899986267089844e-01,2.890000000000000000e+02
3.869700133800506592e-01,6.000000000000000000e+00
