9.251700341701507568e-02,0.000000000000000000e+00
5.491999983787536621e-01,6.900000000000000000e+01
1.700299978256225586e-01,0.000000000000000000e+00
5.501899719238281250e-01,6.900000000000000000e+01
6.419000029563903809e-01,1.360000000000000000e+02
7.466800212860107422e-01,2.480000000000000000e+02
7.099100202322006226e-02,0.000000000000000000e+00
1.011500041931867599e-02,0.000000000000000000e+00
5.538899898529052734e-01,6.900000000000000000e+01
2.124699950218200684e-01,0.000000000000000000e+00
6.881600022315979004e-01,1.830000000000000000e+02
8.455700278282165527e-01,3.420000000000000000e+02
9.674299955368041992e-01,5.010000000000000000e+02
2.192000001668930054e-01,0.000000000000000000e+00
7.355899810791015625e-01,2.390000000000000000e+02
1.676100045442581177e-01,0.000000000000000000e+00
4.527899920940399170e-01,3.200000000000000000e+01
7.580699771642684937e-02,0.000000000000000000e+00
3.664500117301940918e-01,4.000000000000000000e+00
8.052399754524230957e-01,2.990000000000000000e+02
