4.619300067424774170e-01,1.586000000000000000e+03
1.439999938011169434e-01,6.550000000000000000e+02
4.409599900245666504e-01,1.559000000000000000e+03
1.276700049638748169e-01,5.490000000000000000e+02
6.452299952507019043e-01,2.008000000000000000e+03
9.199600219726562500e-01,2.648000000000000000e+03
7.261499762535095215e-01,2.205000000000000000e+03
4.767599999904632568e-01,1.613000000000000000e+03
6.358799934387207031e-01,1.996000000000000000e+03
1.942600011825561523e-01,8.630000000000000000e+02
2.791199982166290283e-01,1.094000000000000000e+03
9.680799841880798340e-01,2.767000000000000000e+03
8.316900134086608887e-01,2.459000000000000000e+03
7.539200186729431152e-01,2.241000000000000000e+03
2.422199994325637817e-01,1.016000000000000000e+03
1.688500046730041504e-01,7.200000000000000000e+02
6.522300243377685547e-01,2.029000000000000000e+03
1.046999990940093994e-01,4.650000000000000000e+02
2.333900034427642822e-01,9.380000000000000000e+02
1.088400036096572876e-01,4.710000000000000000e+02
