1.749600023031234741e-01,1.220000000000000000e+02
7.727900147438049316e-01,1.658000000000000000e+03
3.141300082206726074e-01,4.420000000000000000e+02
3.353900015354156494e-01,5.000000000000000000e+02
3.677799999713897705e-01,5.970000000000000000e+02
7.317500114440917969e-01,1.575000000000000000e+03
3.505600094795227051e-01,5.480000000000000000e+02
9.664900135248899460e-04,0.000000000000000000e+00
2.437800019979476929e-01,2.690000000000000000e+02
1.224199961870908737e-02,0.000000000000000000e+00
4.559899866580963135e-01,8.260000000000000000e+02
7.800899744033813477e-01,1.671000000000000000e+03
3.147200047969818115e-01,4.460000000000000000e+02
7.175099849700927734e-01,1.538000000000000000e+03
5.410500168800354004e-01,1.072000000000000000e+03
6.145200133323669434e-01,1.270000000000000000e+03
7.396100163459777832e-01,1.589000000000000000e+03
5.286399722099304199e-01,1.041000000000000000e+03
2.160499989986419678e-02,0.000000000000000000e+00
4.013899862766265869e-01,6.860000000000000000e+02
