4.565100073814392090e-01,0.000000000000000000e+00
4.234600067138671875e-01,0.000000000000000000e+00
7.322700023651123047e-01,2.000000000000000000e+00
7.368400096893310547e-01,2.000000000000000000e+00
7.763100266456604004e-01,4.000000000000000000e+00
9.968700259923934937e-02,0.000000000000000000e+00
9.348000288009643555e-01,2.000000000000000000e+01
9.225599765777587891e-01,2.000000000000000000e+01
3.428199887275695801e-01,0.000000000000000000e+00
5.411499738693237305e-01,0.000000000000000000e+00
8.000900149345397949e-01,5.000000000000000000e+00
9.891700148582458496e-01,2.700000000000000000e+01
2.939200103282928467e-01,0.000000000000000000e+00
4.122099876403808594e-01,0.000000000000000000e+00
4.739100039005279541e-01,0.000000000000000000e+00
8.563399910926818848e-01,9.000000000000000000e+00
8.796700239181518555e-01,1.200000000000000000e+01
1.760800033807754517e-01,0.000000000000000000e+00
5.874699950218200684e-01,1.000000000000000000e+00
9.752399921417236328e-01,2.500000000000000000e+01
