1.891199946403503418e-01,0.000000000000000000e+00
1.487700045108795166e-01,0.000000000000000000e+00
6.408699750900268555e-01,5.900000000000000000e+01
8.864200115203857422e-01,1.940000000000000000e+02
4.935599863529205322e-01,1.900000000000000000e+01
2.093400061130523682e-02,0.000000000000000000e+00
3.599199950695037842e-01,4.000000000000000000e+00
6.944199800491333008e-01,9.000000000000000000e+01
6.646599769592285156e-01,7.000000000000000000e+01
4.924300014972686768e-01,1.900000000000000000e+01
8.751299977302551270e-01,1.870000000000000000e+02
8.977799862623214722e-02,0.000000000000000000e+00
5.668799877166748047e-01,3.800000000000000000e+01
1.398299932479858398e-01,0.000000000000000000e+00
4.634500145912170410e-01,1.200000000000000000e+01
3.875400125980377197e-01,4.000000000000000000e+00
2.025299966335296631e-01,0.000000000000000000e+00
4.730299860239028931e-02,0.000000000000000000e+00
1.631300002336502075e-01,0.000000000000000000e+00
5.117800235748291016e-01,2.000000000000000000e+01
