2.562299966812133789e-01,4.090000000000000000e+02
5.438799858093261719e-01,1.160000000000000000e+03
2.996500134468078613e-01,5.710000000000000000e+02
5.016399919986724854e-02,1.400000000000000000e+01
3.724400103092193604e-01,7.120000000000000000e+02
9.101499915122985840e-01,2.048000000000000000e+03
9.867100119590759277e-01,2.190000000000000000e+03
9.472600221633911133e-01,2.124000000000000000e+03
5.218899846076965332e-01,1.128000000000000000e+03
1.565299928188323975e-01,2.100000000000000000e+02
9.390100091695785522e-02,6.000000000000000000e+01
5.898900032043457031e-01,1.322000000000000000e+03
3.152799904346466064e-01,5.920000000000000000e+02
2.099999934434890747e-01,3.610000000000000000e+02
1.488099992275238037e-01,1.620000000000000000e+02
8.799800276756286621e-02,6.000000000000000000e+01
3.044799864292144775e-01,5.790000000000000000e+02
3.117499947547912598e-01,5.860000000000000000e+02
4.393799901008605957e-01,9.580000000000000000e+02
3.629199862480163574e-01,6.800000000000000000e+02
