1.363500058650970459e-01,0.000000000000000000e+00
4.357999861240386963e-01,0.000000000000000000e+00
4.493699967861175537e-01,0.000000000000000000e+00
9.184299707412719727e-01,1.100000000000000000e+01
3.434999883174896240e-01,0.000000000000000000e+00
9.258099645376205444e-02,0.000000000000000000e+00
3.315199911594390869e-01,0.000000000000000000e+00
4.788900017738342285e-01,0.000000000000000000e+00
9.468799829483032227e-02,0.000000000000000000e+00
7.942100167274475098e-01,3.000000000000000000e+00
9.195899963378906250e-01,1.100000000000000000e+01
1.702900044620037079e-02,0.000000000000000000e+00
8.969500064849853516e-01,9.000000000000000000e+00
2.797900140285491943e-01,0.000000000000000000e+00
8.184999823570251465e-01,3.000000000000000000e+00
3.363800048828125000e-01,0.000000000000000000e+00
8.664100170135498047e-01,6.000000000000000000e+00
6.193900108337402344e-01,1.000000000000000000e+00
6.745300292968750000e-01,1.000000000000000000e+00
9.924700111150741577e-02,0.000000000000000000e+00
