8.195400238037109375e-01,5.000000000000000000e+00
3.758899867534637451e-01,0.000000000000000000e+00
9.048399925231933594e-01,5.000000000000000000e+00
4.871000051498413086e-01,0.000000000000000000e+00
4.928900003433227539e-01,0.000000000000000000e+00
1.635899990797042847e-01,0.000000000000000000e+00
4.318900108337402344e-01,0.000000000000000000e+00
6.706399917602539062e-01,0.000000000000000000e+00
9.312000274658203125e-01,5.000000000000000000e+00
8.590099811553955078e-01,5.000000000000000000e+00
9.041200280189514160e-01,5.000000000000000000e+00
3.486500084400177002e-01,0.000000000000000000e+00
8.223400115966796875e-01,5.000000000000000000e+00
1.298599988222122192e-01,0.000000000000000000e+00
1.480800062417984009e-01,0.000000000000000000e+00
9.504899978637695312e-01,6.000000000000000000e+00
1.981099992990493774e-01,0.000000000000000000e+00
3.017799854278564453e-01,0.000000000000000000e+00
9.013599753379821777e-01,5.000000000000000000e+00
4.633699953556060791e-01,0.000000000000000000e+00
