2.576800063252449036e-02,0.000000000000000000e+00
4.983299970626831055e-01,3.000000000000000000e+00
7.552899718284606934e-01,5.100000000000000000e+01
8.788499832153320312e-01,1.220000000000000000e+02
1.845300048589706421e-01,0.000000000000000000e+00
2.711600065231323242e-01,0.000000000000000000e+00
7.949399948120117188e-01,6.600000000000000000e+01
4.712899923324584961e-01,1.000000000000000000e+00
3.744400143623352051e-01,0.000000000000000000e+00
9.786999821662902832e-01,2.070000000000000000e+02
1.243200004100799561e-01,0.000000000000000000e+00
1.682100072503089905e-02,0.000000000000000000e+00
3.100399971008300781e-01,0.000000000000000000e+00
8.590300083160400391e-01,1.060000000000000000e+02
8.827499747276306152e-01,1.270000000000000000e+02
2.256499975919723511e-01,0.000000000000000000e+00
2.183900028467178345e-01,0.000000000000000000e+00
1.021900027990341187e-01,0.000000000000000000e+00
7.124099731445312500e-01,2.900000000000000000e+01
9.846199750900268555e-01,2.120000000000000000e+02
