5.629400014877319336e-01,1.500000000000000000e+01
5.280200242996215820e-01,9.000000000000000000e+00
8.483399748802185059e-01,5.400000000000000000e+01
8.507599830627441406e-01,5.500000000000000000e+01
3.940899968147277832e-01,2.000000000000000000e+00
7.368800044059753418e-01,3.300000000000000000e+01
4.891400039196014404e-01,4.000000000000000000e+00
1.050499975681304932e-01,0.000000000000000000e+00
7.117900252342224121e-01,3.100000000000000000e+01
2.082599997520446777e-01,0.000000000000000000e+00
2.188400030136108398e-01,0.000000000000000000e+00
8.696200251579284668e-01,6.600000000000000000e+01
8.749399781227111816e-01,6.700000000000000000e+01
2.527399957180023193e-01,0.000000000000000000e+00
9.118700027465820312e-01,7.800000000000000000e+01
1.802799999713897705e-01,0.000000000000000000e+00
4.826100170612335205e-02,0.000000000000000000e+00
1.004000008106231689e-01,0.000000000000000000e+00
2.617299854755401611e-01,0.000000000000000000e+00
3.904800117015838623e-01,2.000000000000000000e+00
