8.810099959373474121e-01,1.700000000000000000e+01
7.439699769020080566e-01,3.000000000000000000e+00
2.793500125408172607e-01,0.000000000000000000e+00
1.592400074005126953e-01,0.000000000000000000e+00
1.381500065326690674e-01,0.000000000000000000e+00
7.822999954223632812e-01,8.000000000000000000e+00
6.139000058174133301e-01,0.000000000000000000e+00
8.038799762725830078e-01,9.000000000000000000e+00
2.624000012874603271e-01,0.000000000000000000e+00
7.876300215721130371e-01,9.000000000000000000e+00
1.472499966621398926e-01,0.000000000000000000e+00
3.887499868869781494e-01,0.000000000000000000e+00
7.186800241470336914e-01,2.000000000000000000e+00
8.047099709510803223e-01,9.000000000000000000e+00
6.487600207328796387e-01,2.000000000000000000e+00
2.085000090301036835e-02,0.000000000000000000e+00
6.117500066757202148e-01,0.000000000000000000e+00
7.385100126266479492e-01,3.000000000000000000e+00
9.778699874877929688e-01,2.800000000000000000e+01
7.199500203132629395e-01,2.000000000000000000e+00
