1.614600047469139099e-02,0.000000000000000000e+00
2.368600070476531982e-01,5.800000000000000000e+01
8.524699807167053223e-01,1.607000000000000000e+03
2.480600029230117798e-01,6.900000000000000000e+01
2.819599956274032593e-02,0.000000000000000000e+00
6.032299995422363281e-02,0.000000000000000000e+00
1.525200009346008301e-01,2.000000000000000000e+00
9.997400045394897461e-01,1.949000000000000000e+03
6.102300286293029785e-01,9.750000000000000000e+02
2.871800065040588379e-01,1.230000000000000000e+02
3.476699888706207275e-01,2.600000000000000000e+02
7.592200040817260742e-01,1.369000000000000000e+03
6.300500035285949707e-01,1.020000000000000000e+03
1.116700023412704468e-01,0.000000000000000000e+00
7.877799868583679199e-01,1.451000000000000000e+03
4.079099893569946289e-01,4.160000000000000000e+02
1.420799940824508667e-01,2.000000000000000000e+00
6.356999874114990234e-01,1.035000000000000000e+03
3.081600069999694824e-01,1.570000000000000000e+02
5.032600164413452148e-01,6.770000000000000000e+02
