2.222799956798553467e-01,0.000000000000000000e+00
7.677299976348876953e-01,3.060000000000000000e+02
7.085499763488769531e-01,2.390000000000000000e+02
8.873000144958496094e-01,4.370000000000000000e+02
9.048300236463546753e-02,0.000000000000000000e+00
4.635100066661834717e-01,4.900000000000000000e+01
2.180500030517578125e-01,0.000000000000000000e+00
7.029899954795837402e-02,0.000000000000000000e+00
5.173799991607666016e-01,7.800000000000000000e+01
2.044900059700012207e-01,0.000000000000000000e+00
5.965600013732910156e-01,1.350000000000000000e+02
4.705800116062164307e-01,5.300000000000000000e+01
8.427500128746032715e-01,3.900000000000000000e+02
5.878999829292297363e-01,1.290000000000000000e+02
2.651200070977210999e-02,0.000000000000000000e+00
3.552199900150299072e-02,0.000000000000000000e+00
9.598100185394287109e-01,5.310000000000000000e+02
9.315099716186523438e-01,4.950000000000000000e+02
5.767800211906433105e-01,1.220000000000000000e+02
1.755799949169158936e-01,0.000000000000000000e+00
