6.284800171852111816e-01,9.000000000000000000e+00
8.077500015497207642e-02,0.000000000000000000e+00
2.489500045776367188e-01,0.000000000000000000e+00
4.577099978923797607e-01,2.000000000000000000e+00
2.473800033330917358e-01,0.000000000000000000e+00
7.390999794006347656e-01,2.000000000000000000e+01
4.156599938869476318e-01,0.000000000000000000e+00
2.417699992656707764e-01,0.000000000000000000e+00
5.964300036430358887e-01,6.000000000000000000e+00
8.379899859428405762e-01,3.600000000000000000e+01
5.746999979019165039e-01,4.000000000000000000e+00
7.319399714469909668e-01,1.600000000000000000e+01
3.853900134563446045e-01,0.000000000000000000e+00
4.114200174808502197e-02,0.000000000000000000e+00
9.334400296211242676e-01,6.100000000000000000e+01
2.662900090217590332e-01,0.000000000000000000e+00
1.810200065374374390e-01,0.000000000000000000e+00
7.645699977874755859e-01,2.400000000000000000e+01
3.290500044822692871e-01,0.000000000000000000e+00
2.227199971675872803e-01,0.000000000000000000e+00
