3.123000077903270721e-02,0.000000000000000000e+00
4.132399857044219971e-01,1.010000000000000000e+02
5.261600017547607422e-01,2.060000000000000000e+02
6.691100001335144043e-01,4.160000000000000000e+02
2.731499969959259033e-01,1.600000000000000000e+01
5.895599722862243652e-01,2.910000000000000000e+02
9.326999783515930176e-01,8.530000000000000000e+02
5.286999940872192383e-01,2.080000000000000000e+02
9.259799718856811523e-01,8.420000000000000000e+02
9.218900203704833984e-01,8.320000000000000000e+02
3.444899916648864746e-01,3.600000000000000000e+01
1.238299980759620667e-01,0.000000000000000000e+00
9.783300161361694336e-01,9.410000000000000000e+02
9.890099763870239258e-01,9.600000000000000000e+02
7.723200321197509766e-02,0.000000000000000000e+00
3.189600110054016113e-01,2.400000000000000000e+01
4.169499874114990234e-01,1.030000000000000000e+02
1.494000013917684555e-02,0.000000000000000000e+00
7.066199779510498047e-01,4.640000000000000000e+02
4.821999967098236084e-01,1.570000000000000000e+02
