5.173699855804443359e-01,3.230000000000000000e+02
1.323799937963485718e-01,0.000000000000000000e+00
5.359500050544738770e-01,3.610000000000000000e+02
8.202499747276306152e-01,9.390000000000000000e+02
2.145799994468688965e-01,4.000000000000000000e+00
6.369600296020507812e-01,5.620000000000000000e+02
8.805299997329711914e-01,1.069000000000000000e+03
6.917899847030639648e-01,6.670000000000000000e+02
9.325699806213378906e-01,1.178000000000000000e+03
5.350800156593322754e-01,3.590000000000000000e+02
3.936600089073181152e-01,1.270000000000000000e+02
3.080300092697143555e-01,4.600000000000000000e+01
7.393000125885009766e-01,7.500000000000000000e+02
8.072199821472167969e-01,9.030000000000000000e+02
2.096800059080123901e-01,3.000000000000000000e+00
1.953999996185302734e-01,1.000000000000000000e+00
6.725699901580810547e-01,6.270000000000000000e+02
6.532400250434875488e-01,5.910000000000000000e+02
3.878600001335144043e-01,1.190000000000000000e+02
9.995599985122680664e-01,1.329000000000000000e+03
