1.295399963855743408e-01,0.000000000000000000e+00
8.068600296974182129e-01,3.880000000000000000e+02
7.260500192642211914e-01,2.800000000000000000e+02
7.411400079727172852e-01,2.920000000000000000e+02
5.406500101089477539e-01,1.100000000000000000e+02
3.037000000476837158e-01,7.000000000000000000e+00
8.126800060272216797e-01,3.980000000000000000e+02
8.042899966239929199e-01,3.840000000000000000e+02
2.804200053215026855e-01,5.000000000000000000e+00
2.384900003671646118e-01,2.000000000000000000e+00
2.725400030612945557e-01,5.000000000000000000e+00
7.645099759101867676e-01,3.200000000000000000e+02
1.507799979299306870e-02,0.000000000000000000e+00
7.271800041198730469e-01,2.820000000000000000e+02
6.927899718284606934e-01,2.380000000000000000e+02
7.850800156593322754e-01,3.580000000000000000e+02
1.074400022625923157e-01,0.000000000000000000e+00
2.349199950695037842e-01,0.000000000000000000e+00
4.255299866199493408e-01,4.100000000000000000e+01
7.214400172233581543e-01,2.740000000000000000e+02
