2.646000087261199951e-01,1.000000000000000000e+00
7.273600101470947266e-01,4.000000000000000000e+01
9.537400007247924805e-01,2.090000000000000000e+02
8.975399732589721680e-01,4.800000000000000000e+01
3.319999873638153076e-01,1.000000000000000000e+00
8.680300116539001465e-01,4.500000000000000000e+01
6.170899868011474609e-01,4.000000000000000000e+01
7.969599962234497070e-01,4.000000000000000000e+01
2.150499969720840454e-01,0.000000000000000000e+00
5.559700131416320801e-01,3.900000000000000000e+01
3.315300047397613525e-01,1.000000000000000000e+00
3.666700050234794617e-02,0.000000000000000000e+00
6.768299937248229980e-01,4.000000000000000000e+01
7.603999972343444824e-01,4.000000000000000000e+01
3.199400007724761963e-01,1.000000000000000000e+00
8.207799792289733887e-01,4.000000000000000000e+01
6.121799945831298828e-01,4.000000000000000000e+01
4.343400001525878906e-01,4.000000000000000000e+00
7.561500072479248047e-01,4.000000000000000000e+01
3.033699989318847656e-01,1.000000000000000000e+00
