9.754400253295898438e-01,1.564000000000000000e+03
4.686299860477447510e-01,3.650000000000000000e+02
1.158899962902069092e-01,0.000000000000000000e+00
6.105800271034240723e-01,6.950000000000000000e+02
3.264099955558776855e-01,1.100000000000000000e+02
1.657100021839141846e-01,2.000000000000000000e+00
5.130599737167358398e-01,4.680000000000000000e+02
2.854700088500976562e-01,6.200000000000000000e+01
1.071399971842765808e-01,0.000000000000000000e+00
7.258499860763549805e-01,9.990000000000000000e+02
6.448899954557418823e-02,0.000000000000000000e+00
6.831799745559692383e-01,8.720000000000000000e+02
3.068999946117401123e-01,8.400000000000000000e+01
3.646000027656555176e-01,1.650000000000000000e+02
1.610700041055679321e-01,2.000000000000000000e+00
1.501999944448471069e-01,1.000000000000000000e+00
8.729399740695953369e-02,0.000000000000000000e+00
5.559700131416320801e-01,5.670000000000000000e+02
2.503499984741210938e-01,3.500000000000000000e+01
8.497099876403808594e-01,1.276000000000000000e+03
