2.478500008583068848e-01,0.000000000000000000e+00
6.616100072860717773e-01,1.070000000000000000e+02
2.006800025701522827e-01,0.000000000000000000e+00
4.356499910354614258e-01,1.700000000000000000e+01
3.335199952125549316e-01,3.000000000000000000e+00
3.987199962139129639e-01,1.000000000000000000e+01
7.134799957275390625e-01,1.360000000000000000e+02
4.428800046443939209e-01,1.900000000000000000e+01
5.679799914360046387e-01,5.200000000000000000e+01
5.251399874687194824e-01,3.500000000000000000e+01
7.308499813079833984e-01,1.460000000000000000e+02
9.077299833297729492e-01,2.930000000000000000e+02
6.060200184583663940e-02,0.000000000000000000e+00
4.964499920606613159e-02,0.000000000000000000e+00
3.855800032615661621e-01,1.000000000000000000e+01
6.089099869132041931e-02,0.000000000000000000e+00
9.483799934387207031e-01,3.310000000000000000e+02
8.735399842262268066e-01,2.580000000000000000e+02
7.326800227165222168e-01,1.460000000000000000e+02
8.909100294113159180e-01,2.710000000000000000e+02
