1.473499983549118042e-01,0.000000000000000000e+00
4.135600030422210693e-01,0.000000000000000000e+00
5.595999956130981445e-02,0.000000000000000000e+00
3.968099951744079590e-01,0.000000000000000000e+00
3.931100070476531982e-01,0.000000000000000000e+00
3.364700078964233398e-01,0.000000000000000000e+00
2.661600112915039062e-01,0.000000000000000000e+00
2.595500051975250244e-01,0.000000000000000000e+00
5.457499995827674866e-02,0.000000000000000000e+00
6.143500208854675293e-01,9.000000000000000000e+00
1.803900003433227539e-01,0.000000000000000000e+00
7.281100153923034668e-01,2.300000000000000000e+01
8.390600085258483887e-01,4.000000000000000000e+01
4.315600097179412842e-01,0.000000000000000000e+00
2.485399991273880005e-01,0.000000000000000000e+00
7.481399774551391602e-01,2.600000000000000000e+01
5.028100013732910156e-01,1.000000000000000000e+00
7.605000138282775879e-01,2.900000000000000000e+01
1.527700014412403107e-02,0.000000000000000000e+00
8.964400291442871094e-01,5.800000000000000000e+01
