4.958000034093856812e-02,0.000000000000000000e+00
9.710800051689147949e-01,3.700000000000000000e+01
7.744799852371215820e-01,5.000000000000000000e+00
9.982399642467498779e-03,0.000000000000000000e+00
2.188500016927719116e-01,0.000000000000000000e+00
3.693099915981292725e-01,0.000000000000000000e+00
6.017400026321411133e-01,2.000000000000000000e+00
6.334999799728393555e-01,2.000000000000000000e+00
6.104099750518798828e-01,2.000000000000000000e+00
9.474599957466125488e-01,3.100000000000000000e+01
2.934199869632720947e-01,0.000000000000000000e+00
6.358699798583984375e-01,2.000000000000000000e+00
8.287299871444702148e-01,1.300000000000000000e+01
5.550199747085571289e-01,0.000000000000000000e+00
3.567599952220916748e-01,0.000000000000000000e+00
5.548999905586242676e-01,0.000000000000000000e+00
8.798000216484069824e-01,2.100000000000000000e+01
1.506499946117401123e-01,0.000000000000000000e+00
6.523699760437011719e-01,3.000000000000000000e+00
5.525900125503540039e-01,0.000000000000000000e+00
