2.502300143241882324e-01,0.000000000000000000e+00
6.980699896812438965e-01,1.000000000000000000e+00
7.279099822044372559e-01,1.000000000000000000e+00
2.678999900817871094e-01,0.000000000000000000e+00
9.497299790382385254e-01,1.100000000000000000e+01
8.473100066184997559e-01,5.000000000000000000e+00
7.945799827575683594e-01,4.000000000000000000e+00
8.795499801635742188e-01,7.000000000000000000e+00
9.917899966239929199e-01,1.900000000000000000e+01
5.891699790954589844e-01,0.000000000000000000e+00
3.894099891185760498e-01,0.000000000000000000e+00
6.106899976730346680e-01,0.000000000000000000e+00
9.927499890327453613e-01,1.900000000000000000e+01
1.968799978494644165e-01,0.000000000000000000e+00
6.104300022125244141e-01,0.000000000000000000e+00
3.690600097179412842e-01,0.000000000000000000e+00
8.043699860572814941e-01,4.000000000000000000e+00
2.609399855136871338e-01,0.000000000000000000e+00
3.541299998760223389e-01,0.000000000000000000e+00
1.368599981069564819e-01,0.000000000000000000e+00
