4.691599905490875244e-01,6.500000000000000000e+01
9.770699739456176758e-01,3.130000000000000000e+02
9.424600005149841309e-01,3.090000000000000000e+02
6.564800143241882324e-01,7.900000000000000000e+01
4.941099882125854492e-01,6.500000000000000000e+01
3.629499971866607666e-01,1.000000000000000000e+01
2.986899912357330322e-01,3.000000000000000000e+00
7.844700217247009277e-01,3.000000000000000000e+02
9.146999716758728027e-01,3.090000000000000000e+02
2.109999954700469971e-01,0.000000000000000000e+00
1.900299936532974243e-01,0.000000000000000000e+00
3.232899904251098633e-01,1.000000000000000000e+01
4.636600017547607422e-01,6.500000000000000000e+01
3.228299915790557861e-01,1.000000000000000000e+01
9.286100268363952637e-01,3.090000000000000000e+02
7.396199703216552734e-01,2.960000000000000000e+02
8.744500279426574707e-01,3.080000000000000000e+02
4.798200130462646484e-01,6.500000000000000000e+01
1.746399998664855957e-01,0.000000000000000000e+00
6.120600104331970215e-01,7.300000000000000000e+01
