9.042299985885620117e-01,4.700000000000000000e+02
7.230600118637084961e-01,2.410000000000000000e+02
3.189199864864349365e-01,3.000000000000000000e+00
2.336300015449523926e-01,0.000000000000000000e+00
6.431800127029418945e-01,1.660000000000000000e+02
6.330999732017517090e-01,1.590000000000000000e+02
5.180400013923645020e-01,7.200000000000000000e+01
1.421300023794174194e-01,0.000000000000000000e+00
2.835299968719482422e-01,1.000000000000000000e+00
5.679900050163269043e-01,1.070000000000000000e+02
3.309499919414520264e-01,5.000000000000000000e+00
8.614400029182434082e-01,4.160000000000000000e+02
1.578699946403503418e-01,0.000000000000000000e+00
5.928999781608581543e-01,1.250000000000000000e+02
3.972499966621398926e-01,1.500000000000000000e+01
1.946000009775161743e-01,0.000000000000000000e+00
3.539299964904785156e-01,7.000000000000000000e+00
3.398799896240234375e-01,5.000000000000000000e+00
3.761399984359741211e-01,1.000000000000000000e+01
3.908700048923492432e-01,1.400000000000000000e+01
