4.763599932193756104e-01,1.000000000000000000e+00
9.939399957656860352e-01,4.700000000000000000e+01
4.131200015544891357e-01,0.000000000000000000e+00
6.033200025558471680e-01,2.000000000000000000e+00
7.565100193023681641e-01,6.000000000000000000e+00
2.610499858856201172e-01,0.000000000000000000e+00
6.187800168991088867e-01,2.000000000000000000e+00
9.275500178337097168e-01,3.200000000000000000e+01
8.805199712514877319e-02,0.000000000000000000e+00
6.417300105094909668e-01,2.000000000000000000e+00
5.040400028228759766e-01,1.000000000000000000e+00
6.052200198173522949e-01,2.000000000000000000e+00
9.847400188446044922e-01,4.700000000000000000e+01
3.167900145053863525e-01,0.000000000000000000e+00
6.111099943518638611e-02,0.000000000000000000e+00
8.487799763679504395e-01,1.700000000000000000e+01
1.133600026369094849e-01,0.000000000000000000e+00
1.680900007486343384e-01,0.000000000000000000e+00
5.796700119972229004e-01,1.000000000000000000e+00
9.846199750900268555e-01,4.700000000000000000e+01
