9.704599976539611816e-01,0.000000000000000000e+00
7.960600256919860840e-01,0.000000000000000000e+00
8.995199799537658691e-01,0.000000000000000000e+00
3.560099899768829346e-01,0.000000000000000000e+00
6.369500160217285156e-01,0.000000000000000000e+00
9.767000079154968262e-01,0.000000000000000000e+00
5.941800028085708618e-02,0.000000000000000000e+00
4.289700090885162354e-01,0.000000000000000000e+00
1.488499995321035385e-02,0.000000000000000000e+00
1.128299999982118607e-02,0.000000000000000000e+00
8.533099889755249023e-01,0.000000000000000000e+00
2.190300077199935913e-02,0.000000000000000000e+00
3.416600078344345093e-02,0.000000000000000000e+00
3.619300127029418945e-01,0.000000000000000000e+00
3.922100067138671875e-01,0.000000000000000000e+00
2.938599884510040283e-01,0.000000000000000000e+00
5.237600207328796387e-01,0.000000000000000000e+00
5.151100158691406250e-01,0.000000000000000000e+00
3.806700110435485840e-01,0.000000000000000000e+00
2.987799942493438721e-01,0.000000000000000000e+00
