5.048400163650512695e-01,2.000000000000000000e+00
1.818200051784515381e-01,0.000000000000000000e+00
2.782599925994873047e-01,0.000000000000000000e+00
1.445900052785873413e-01,0.000000000000000000e+00
7.771400213241577148e-01,2.400000000000000000e+01
7.126700282096862793e-01,1.500000000000000000e+01
5.806099772453308105e-01,5.000000000000000000e+00
7.002900242805480957e-01,1.500000000000000000e+01
1.965499967336654663e-01,0.000000000000000000e+00
1.583600044250488281e-01,0.000000000000000000e+00
2.058899998664855957e-01,0.000000000000000000e+00
2.802599966526031494e-02,0.000000000000000000e+00
8.883800357580184937e-02,0.000000000000000000e+00
5.138099789619445801e-01,2.000000000000000000e+00
4.274399876594543457e-01,1.000000000000000000e+00
7.982199788093566895e-01,2.900000000000000000e+01
5.961099863052368164e-01,5.000000000000000000e+00
1.077999994158744812e-01,0.000000000000000000e+00
7.795100212097167969e-01,2.400000000000000000e+01
5.332899838685989380e-02,0.000000000000000000e+00
