7.791900038719177246e-01,7.630000000000000000e+02
6.772999763488769531e-01,7.180000000000000000e+02
6.456400156021118164e-01,7.160000000000000000e+02
7.442700266838073730e-01,7.630000000000000000e+02
4.281300008296966553e-01,3.330000000000000000e+02
1.342999935150146484e-01,2.600000000000000000e+01
1.042699962854385376e-01,1.300000000000000000e+01
2.134499996900558472e-01,9.200000000000000000e+01
7.328900098800659180e-01,7.620000000000000000e+02
5.001000165939331055e-01,3.500000000000000000e+02
8.247499912977218628e-02,4.000000000000000000e+00
3.378700017929077148e-01,1.690000000000000000e+02
5.135400295257568359e-01,3.730000000000000000e+02
6.206399798393249512e-01,7.160000000000000000e+02
7.141799926757812500e-01,7.260000000000000000e+02
3.989199995994567871e-01,3.320000000000000000e+02
5.708400011062622070e-01,7.150000000000000000e+02
6.610400080680847168e-01,7.160000000000000000e+02
3.214100003242492676e-01,1.690000000000000000e+02
3.924399912357330322e-01,3.320000000000000000e+02
