6.436700224876403809e-01,2.130000000000000000e+02
3.552500009536743164e-01,1.900000000000000000e+01
6.447499990463256836e-02,0.000000000000000000e+00
1.880200058221817017e-01,0.000000000000000000e+00
8.218899965286254883e-01,4.540000000000000000e+02
5.119799971580505371e-01,1.070000000000000000e+02
3.909499943256378174e-01,3.400000000000000000e+01
2.996899932622909546e-02,0.000000000000000000e+00
6.921700239181518555e-01,2.800000000000000000e+02
8.928999900817871094e-01,5.600000000000000000e+02
7.194499969482421875e-01,3.160000000000000000e+02
8.374100178480148315e-02,0.000000000000000000e+00
9.455299973487854004e-01,6.430000000000000000e+02
7.892299890518188477e-01,4.060000000000000000e+02
1.339800059795379639e-01,0.000000000000000000e+00
1.672600060701370239e-01,0.000000000000000000e+00
5.886499956250190735e-02,0.000000000000000000e+00
6.700699925422668457e-01,2.450000000000000000e+02
5.660899877548217773e-01,1.490000000000000000e+02
3.889800012111663818e-01,3.400000000000000000e+01
