6.662999987602233887e-01,3.310000000000000000e+02
6.605700254440307617e-01,3.190000000000000000e+02
3.490000069141387939e-01,1.800000000000000000e+01
5.819799900054931641e-01,2.050000000000000000e+02
3.510099947452545166e-01,1.800000000000000000e+01
1.962099969387054443e-01,0.000000000000000000e+00
5.309299826622009277e-01,1.420000000000000000e+02
1.707099974155426025e-01,0.000000000000000000e+00
2.133599966764450073e-01,0.000000000000000000e+00
3.907899856567382812e-01,3.000000000000000000e+01
8.950900286436080933e-02,0.000000000000000000e+00
6.905699968338012695e-01,3.610000000000000000e+02
2.035299986600875854e-01,0.000000000000000000e+00
8.511099815368652344e-01,5.990000000000000000e+02
9.858300089836120605e-01,8.380000000000000000e+02
5.568600296974182129e-01,1.700000000000000000e+02
3.325400054454803467e-01,1.500000000000000000e+01
7.266100049018859863e-01,4.060000000000000000e+02
8.886500000953674316e-01,6.590000000000000000e+02
4.539299905300140381e-01,7.700000000000000000e+01
