2.853299975395202637e-01,0.000000000000000000e+00
7.724800109863281250e-01,4.100000000000000000e+01
2.173999994993209839e-01,0.000000000000000000e+00
6.937100291252136230e-01,2.400000000000000000e+01
7.387700080871582031e-01,3.500000000000000000e+01
3.188399970531463623e-01,0.000000000000000000e+00
8.404700160026550293e-01,6.100000000000000000e+01
2.406799942255020142e-01,0.000000000000000000e+00
5.353199839591979980e-01,3.000000000000000000e+00
6.739500164985656738e-01,2.200000000000000000e+01
9.661800265312194824e-01,1.110000000000000000e+02
9.044200181961059570e-02,0.000000000000000000e+00
2.041399925947189331e-01,0.000000000000000000e+00
2.243199944496154785e-01,0.000000000000000000e+00
8.572300076484680176e-01,6.600000000000000000e+01
5.766299962997436523e-01,5.000000000000000000e+00
7.759600281715393066e-01,4.200000000000000000e+01
4.568600058555603027e-01,0.000000000000000000e+00
4.212400019168853760e-01,0.000000000000000000e+00
8.139100074768066406e-01,5.400000000000000000e+01
