1.581799983978271484e-01,5.770000000000000000e+02
8.537499904632568359e-01,2.225000000000000000e+03
3.612999916076660156e-01,1.224000000000000000e+03
5.093700289726257324e-01,1.507000000000000000e+03
1.040399968624114990e-01,3.700000000000000000e+02
6.368900090456008911e-02,1.950000000000000000e+02
5.945799946784973145e-01,1.835000000000000000e+03
7.343299984931945801e-01,2.060000000000000000e+03
9.421600103378295898e-01,2.512000000000000000e+03
2.740600109100341797e-01,9.740000000000000000e+02
7.034100294113159180e-01,1.952000000000000000e+03
6.858800351619720459e-02,2.350000000000000000e+02
4.214999973773956299e-01,1.346000000000000000e+03
1.546199992299079895e-02,1.500000000000000000e+01
8.793600201606750488e-01,2.307000000000000000e+03
2.099100034683942795e-03,0.000000000000000000e+00
9.235200285911560059e-01,2.442000000000000000e+03
7.845799922943115234e-01,2.090000000000000000e+03
6.406599879264831543e-01,1.863000000000000000e+03
8.990200161933898926e-01,2.418000000000000000e+03
