3.389100134372711182e-01,0.000000000000000000e+00
9.280300140380859375e-01,6.800000000000000000e+01
7.441599965095520020e-01,2.600000000000000000e+01
3.713699877262115479e-01,0.000000000000000000e+00
4.602400064468383789e-01,1.000000000000000000e+00
4.389699995517730713e-01,0.000000000000000000e+00
6.612700223922729492e-01,1.400000000000000000e+01
7.918199896812438965e-01,3.500000000000000000e+01
8.941599726676940918e-01,5.800000000000000000e+01
1.017099991440773010e-01,0.000000000000000000e+00
3.984999954700469971e-01,0.000000000000000000e+00
9.840100258588790894e-02,0.000000000000000000e+00
6.556900143623352051e-01,1.300000000000000000e+01
5.583299994468688965e-01,5.000000000000000000e+00
9.103000164031982422e-02,0.000000000000000000e+00
5.250399708747863770e-01,4.000000000000000000e+00
4.467799961566925049e-01,0.000000000000000000e+00
7.532100081443786621e-01,2.900000000000000000e+01
4.488100111484527588e-01,0.000000000000000000e+00
9.101200103759765625e-01,6.100000000000000000e+01
