1.051900014281272888e-01,1.000000000000000000e+00
8.698800206184387207e-01,1.443000000000000000e+03
3.735600113868713379e-01,2.840000000000000000e+02
8.870800137519836426e-01,1.470000000000000000e+03
8.489400148391723633e-01,1.389000000000000000e+03
6.670399904251098633e-01,9.640000000000000000e+02
2.702299952507019043e-01,9.900000000000000000e+01
5.343499779701232910e-01,6.490000000000000000e+02
1.174599975347518921e-01,1.000000000000000000e+00
7.994800060987472534e-02,0.000000000000000000e+00
8.706700205802917480e-01,1.444000000000000000e+03
5.897200107574462891e-01,7.840000000000000000e+02
8.884199894964694977e-03,0.000000000000000000e+00
6.207500100135803223e-01,8.610000000000000000e+02
4.653599858283996582e-01,4.930000000000000000e+02
1.625999957323074341e-01,9.000000000000000000e+00
7.600899934768676758e-01,1.180000000000000000e+03
9.283699989318847656e-01,1.550000000000000000e+03
7.393199801445007324e-01,1.130000000000000000e+03
6.851099729537963867e-01,1.006000000000000000e+03
