1.892099976539611816e-01,0.000000000000000000e+00
6.354799866676330566e-01,6.900000000000000000e+01
5.618600249290466309e-01,3.100000000000000000e+01
2.454899996519088745e-01,0.000000000000000000e+00
3.880500048398971558e-02,0.000000000000000000e+00
1.389800012111663818e-01,0.000000000000000000e+00
8.763399720191955566e-01,3.070000000000000000e+02
9.544600248336791992e-01,4.460000000000000000e+02
2.675099968910217285e-01,0.000000000000000000e+00
5.924299955368041992e-01,4.000000000000000000e+01
4.378300011157989502e-01,2.000000000000000000e+00
4.396899938583374023e-01,2.000000000000000000e+00
3.465600013732910156e-01,0.000000000000000000e+00
3.591099977493286133e-01,0.000000000000000000e+00
8.719199895858764648e-01,3.010000000000000000e+02
4.724499881267547607e-01,6.000000000000000000e+00
2.895399928092956543e-01,0.000000000000000000e+00
1.995099931955337524e-01,0.000000000000000000e+00
6.953399777412414551e-01,1.030000000000000000e+02
9.781200289726257324e-01,4.860000000000000000e+02
