6.592299938201904297e-01,4.310000000000000000e+02
8.851699829101562500e-01,8.700000000000000000e+02
2.962000072002410889e-01,1.300000000000000000e+01
5.730699896812438965e-01,2.990000000000000000e+02
5.249900221824645996e-01,2.290000000000000000e+02
6.485300064086914062e-01,4.100000000000000000e+02
9.030799865722656250e-01,9.030000000000000000e+02
9.302600026130676270e-01,9.530000000000000000e+02
7.186300158500671387e-01,5.270000000000000000e+02
8.556600213050842285e-01,8.080000000000000000e+02
1.038400009274482727e-01,0.000000000000000000e+00
9.541299939155578613e-01,1.010000000000000000e+03
4.386599957942962646e-01,1.030000000000000000e+02
9.045799970626831055e-01,9.070000000000000000e+02
2.430399954319000244e-01,4.000000000000000000e+00
3.517799824476242065e-02,0.000000000000000000e+00
7.303699851036071777e-02,0.000000000000000000e+00
7.960600256919860840e-01,6.690000000000000000e+02
7.170100212097167969e-01,5.250000000000000000e+02
7.323600053787231445e-01,5.580000000000000000e+02
