1.200900003314018250e-01,0.000000000000000000e+00
9.827100038528442383e-01,2.000000000000000000e+00
8.816999793052673340e-01,2.000000000000000000e+00
4.758900105953216553e-01,0.000000000000000000e+00
4.432600140571594238e-01,0.000000000000000000e+00
4.760299921035766602e-01,0.000000000000000000e+00
9.850100278854370117e-01,2.000000000000000000e+00
9.851300120353698730e-01,2.000000000000000000e+00
6.138799786567687988e-01,0.000000000000000000e+00
6.230099797248840332e-01,0.000000000000000000e+00
4.111999869346618652e-01,0.000000000000000000e+00
9.058099985122680664e-01,2.000000000000000000e+00
8.501399755477905273e-01,2.000000000000000000e+00
1.007400006055831909e-01,0.000000000000000000e+00
4.799300134181976318e-01,0.000000000000000000e+00
2.658300101757049561e-01,0.000000000000000000e+00
2.502300143241882324e-01,0.000000000000000000e+00
1.598400026559829712e-01,0.000000000000000000e+00
2.194800041615962982e-02,0.000000000000000000e+00
5.522500276565551758e-01,0.000000000000000000e+00
