1.574999988079071045e-01,0.000000000000000000e+00
3.101499974727630615e-01,0.000000000000000000e+00
4.446200132369995117e-01,3.000000000000000000e+00
5.993800163269042969e-01,8.000000000000000000e+00
4.619300067424774170e-01,3.000000000000000000e+00
1.981800049543380737e-01,0.000000000000000000e+00
6.214900016784667969e-01,1.200000000000000000e+01
2.583000063896179199e-01,0.000000000000000000e+00
3.626900017261505127e-01,1.000000000000000000e+00
3.722099959850311279e-01,1.000000000000000000e+00
4.509499967098236084e-01,3.000000000000000000e+00
3.112300038337707520e-01,0.000000000000000000e+00
3.226799964904785156e-01,0.000000000000000000e+00
7.836999893188476562e-01,3.400000000000000000e+01
2.707399986684322357e-02,0.000000000000000000e+00
3.128400146961212158e-01,0.000000000000000000e+00
1.745900064706802368e-01,0.000000000000000000e+00
6.219699978828430176e-01,1.200000000000000000e+01
1.777099967002868652e-01,0.000000000000000000e+00
8.124499917030334473e-01,3.900000000000000000e+01
