8.747699856758117676e-02,0.000000000000000000e+00
3.967599868774414062e-01,3.000000000000000000e+00
3.100399971008300781e-01,0.000000000000000000e+00
4.167299866676330566e-01,3.000000000000000000e+00
3.980000019073486328e-01,3.000000000000000000e+00
3.295800089836120605e-01,0.000000000000000000e+00
5.267999768257141113e-01,1.500000000000000000e+01
7.055799961090087891e-01,1.500000000000000000e+01
4.522800147533416748e-01,3.000000000000000000e+00
6.293699741363525391e-01,1.500000000000000000e+01
7.971100211143493652e-01,4.200000000000000000e+01
7.349100112915039062e-01,1.700000000000000000e+01
2.318699955940246582e-01,0.000000000000000000e+00
3.449400067329406738e-01,3.000000000000000000e+00
1.422600001096725464e-01,0.000000000000000000e+00
1.440699994564056396e-01,0.000000000000000000e+00
2.183900028467178345e-01,0.000000000000000000e+00
5.731700062751770020e-01,1.500000000000000000e+01
4.697499871253967285e-01,3.000000000000000000e+00
5.980600118637084961e-01,1.500000000000000000e+01
