8.992000222206115723e-01,1.402000000000000000e+03
7.137500047683715820e-01,8.280000000000000000e+02
7.277899980545043945e-01,8.820000000000000000e+02
9.364699721336364746e-01,1.525000000000000000e+03
3.915899991989135742e-01,4.000000000000000000e+01
9.355499744415283203e-01,1.524000000000000000e+03
5.112000107765197754e-01,2.190000000000000000e+02
4.381900131702423096e-01,8.800000000000000000e+01
8.812199831008911133e-01,1.354000000000000000e+03
5.596299842000007629e-02,0.000000000000000000e+00
6.986700296401977539e-01,7.790000000000000000e+02
6.375200152397155762e-01,5.710000000000000000e+02
5.718200206756591797e-01,3.870000000000000000e+02
2.399300038814544678e-02,0.000000000000000000e+00
4.539299905300140381e-01,1.110000000000000000e+02
9.913899898529052734e-01,1.679000000000000000e+03
8.109700083732604980e-01,1.151000000000000000e+03
9.300900101661682129e-01,1.503000000000000000e+03
7.297099828720092773e-01,8.890000000000000000e+02
5.616099834442138672e-01,3.530000000000000000e+02
