3.081099987030029297e-01,0.000000000000000000e+00
7.096300125122070312e-01,2.100000000000000000e+01
6.130399703979492188e-01,8.000000000000000000e+00
3.332599997520446777e-01,0.000000000000000000e+00
4.147799909114837646e-01,0.000000000000000000e+00
7.018300145864486694e-02,0.000000000000000000e+00
6.650900095701217651e-02,0.000000000000000000e+00
9.608799815177917480e-01,7.600000000000000000e+01
6.842200160026550293e-01,1.700000000000000000e+01
7.831900119781494141e-01,3.100000000000000000e+01
1.499399989843368530e-01,0.000000000000000000e+00
8.155699968338012695e-01,3.900000000000000000e+01
3.310100138187408447e-01,0.000000000000000000e+00
2.771799862384796143e-01,0.000000000000000000e+00
2.665300071239471436e-01,0.000000000000000000e+00
1.039299964904785156e-01,0.000000000000000000e+00
7.823699712753295898e-01,3.100000000000000000e+01
9.127200245857238770e-01,6.500000000000000000e+01
1.241400018334388733e-01,0.000000000000000000e+00
6.376499682664871216e-02,0.000000000000000000e+00
