6.897000074386596680e-01,9.500000000000000000e+01
2.696900069713592529e-01,0.000000000000000000e+00
5.062500238418579102e-01,3.500000000000000000e+01
7.663900256156921387e-01,1.420000000000000000e+02
9.782599806785583496e-01,3.590000000000000000e+02
8.452100157737731934e-01,2.070000000000000000e+02
2.058099955320358276e-01,0.000000000000000000e+00
5.296400189399719238e-01,4.000000000000000000e+01
5.260900259017944336e-01,3.900000000000000000e+01
6.517899781465530396e-02,0.000000000000000000e+00
1.384399980306625366e-01,0.000000000000000000e+00
1.767199933528900146e-01,0.000000000000000000e+00
8.947899937629699707e-01,2.510000000000000000e+02
4.923999905586242676e-01,3.000000000000000000e+01
9.361500293016433716e-02,0.000000000000000000e+00
7.013800144195556641e-01,1.060000000000000000e+02
7.964100241661071777e-01,1.640000000000000000e+02
3.325600028038024902e-01,0.000000000000000000e+00
8.118900060653686523e-01,1.700000000000000000e+02
9.994500279426574707e-01,3.930000000000000000e+02
