5.468799918889999390e-02,0.000000000000000000e+00
3.595100045204162598e-01,0.000000000000000000e+00
6.921100020408630371e-01,0.000000000000000000e+00
7.889199852943420410e-01,0.000000000000000000e+00
2.052900008857250214e-02,0.000000000000000000e+00
4.688700139522552490e-01,0.000000000000000000e+00
3.838700056076049805e-01,0.000000000000000000e+00
2.197100073099136353e-01,0.000000000000000000e+00
8.292099833488464355e-01,1.000000000000000000e+00
9.815700054168701172e-01,1.000000000000000000e+00
8.478599786758422852e-01,1.000000000000000000e+00
8.515499830245971680e-01,1.000000000000000000e+00
5.120300054550170898e-01,0.000000000000000000e+00
5.368000268936157227e-01,0.000000000000000000e+00
9.719700217247009277e-01,1.000000000000000000e+00
2.007199972867965698e-01,0.000000000000000000e+00
8.794699907302856445e-01,1.000000000000000000e+00
2.454200014472007751e-02,0.000000000000000000e+00
9.249100089073181152e-01,1.000000000000000000e+00
1.949100010097026825e-02,0.000000000000000000e+00
