8.501200079917907715e-01,2.800000000000000000e+01
2.758400142192840576e-01,0.000000000000000000e+00
9.941599965095520020e-01,8.100000000000000000e+01
5.062699913978576660e-01,0.000000000000000000e+00
4.503599926829338074e-02,0.000000000000000000e+00
1.480800062417984009e-01,0.000000000000000000e+00
7.111399769783020020e-01,1.000000000000000000e+01
2.937299907207489014e-01,0.000000000000000000e+00
6.998500227928161621e-01,1.000000000000000000e+01
3.452300131320953369e-01,0.000000000000000000e+00
2.862699925899505615e-01,0.000000000000000000e+00
1.724399998784065247e-02,0.000000000000000000e+00
9.639899730682373047e-01,7.100000000000000000e+01
9.585199952125549316e-01,6.700000000000000000e+01
9.981700181961059570e-01,8.500000000000000000e+01
2.619799971580505371e-01,0.000000000000000000e+00
9.052900075912475586e-01,4.600000000000000000e+01
5.012199878692626953e-01,0.000000000000000000e+00
4.641000032424926758e-01,0.000000000000000000e+00
6.472100019454956055e-01,5.000000000000000000e+00
