8.584199845790863037e-02,0.000000000000000000e+00
4.828299880027770996e-01,7.880000000000000000e+02
5.137599706649780273e-01,9.120000000000000000e+02
5.270599722862243652e-01,9.670000000000000000e+02
2.018799930810928345e-01,0.000000000000000000e+00
1.172799989581108093e-01,0.000000000000000000e+00
8.976899981498718262e-01,2.163000000000000000e+03
2.301799952983856201e-01,5.000000000000000000e+00
1.979299932718276978e-01,0.000000000000000000e+00
4.290400147438049316e-01,5.650000000000000000e+02
5.718899965286254883e-01,1.152000000000000000e+03
2.326499968767166138e-01,5.000000000000000000e+00
5.896300077438354492e-01,1.225000000000000000e+03
7.694500088691711426e-01,1.813000000000000000e+03
4.675900042057037354e-01,7.220000000000000000e+02
8.203200101852416992e-01,1.963000000000000000e+03
9.424200057983398438e-01,2.267000000000000000e+03
1.376499980688095093e-01,0.000000000000000000e+00
1.024200022220611572e-01,0.000000000000000000e+00
8.968900144100189209e-02,0.000000000000000000e+00
