4.747599959373474121e-01,3.000000000000000000e+00
1.468700021505355835e-01,0.000000000000000000e+00
1.846500039100646973e-01,0.000000000000000000e+00
2.867299914360046387e-01,0.000000000000000000e+00
4.896300137042999268e-01,3.000000000000000000e+00
3.846499919891357422e-01,1.000000000000000000e+00
8.778100013732910156e-01,7.100000000000000000e+01
2.773599922657012939e-01,0.000000000000000000e+00
3.103300034999847412e-01,1.000000000000000000e+00
5.037900209426879883e-01,3.000000000000000000e+00
9.122400283813476562e-01,8.000000000000000000e+01
7.125800251960754395e-01,3.300000000000000000e+01
5.661799907684326172e-01,4.000000000000000000e+00
1.177299991250038147e-01,0.000000000000000000e+00
9.081100225448608398e-01,7.900000000000000000e+01
5.665400028228759766e-01,4.000000000000000000e+00
6.802800297737121582e-01,2.600000000000000000e+01
7.295500040054321289e-01,3.600000000000000000e+01
9.817299842834472656e-01,1.070000000000000000e+02
3.725999891757965088e-01,1.000000000000000000e+00
