1.258600056171417236e-01,0.000000000000000000e+00
3.744100034236907959e-01,1.000000000000000000e+01
3.199700117111206055e-01,4.000000000000000000e+00
1.115399971604347229e-01,0.000000000000000000e+00
4.721400141716003418e-02,0.000000000000000000e+00
6.614900231361389160e-01,1.690000000000000000e+02
6.558399796485900879e-01,1.690000000000000000e+02
1.351200044155120850e-01,0.000000000000000000e+00
4.503700137138366699e-01,3.700000000000000000e+01
4.609900116920471191e-01,3.800000000000000000e+01
3.698800131678581238e-02,0.000000000000000000e+00
2.435500025749206543e-01,1.000000000000000000e+00
1.275700032711029053e-01,0.000000000000000000e+00
8.782299757003784180e-01,3.590000000000000000e+02
8.208900094032287598e-01,2.870000000000000000e+02
3.561399877071380615e-01,7.000000000000000000e+00
9.358199834823608398e-01,4.270000000000000000e+02
3.423100113868713379e-01,6.000000000000000000e+00
9.010599851608276367e-01,3.850000000000000000e+02
4.904299974441528320e-01,4.800000000000000000e+01
