7.253199815750122070e-01,9.900000000000000000e+01
5.027800202369689941e-01,1.000000000000000000e+01
4.943999946117401123e-01,1.000000000000000000e+01
7.424600124359130859e-01,1.190000000000000000e+02
5.794399976730346680e-01,2.200000000000000000e+01
4.697799980640411377e-01,8.000000000000000000e+00
6.582000255584716797e-01,4.700000000000000000e+01
7.800899744033813477e-01,1.480000000000000000e+02
2.644299864768981934e-01,0.000000000000000000e+00
5.814300179481506348e-01,2.200000000000000000e+01
4.619599878787994385e-01,6.000000000000000000e+00
8.941699862480163574e-01,2.780000000000000000e+02
1.962500065565109253e-01,0.000000000000000000e+00
9.961599707603454590e-01,4.450000000000000000e+02
5.510699748992919922e-01,1.400000000000000000e+01
5.930899977684020996e-01,2.500000000000000000e+01
4.198499917984008789e-01,3.000000000000000000e+00
5.654000118374824524e-02,0.000000000000000000e+00
4.847100004553794861e-02,0.000000000000000000e+00
4.515300095081329346e-01,5.000000000000000000e+00
