9.761700034141540527e-01,2.100000000000000000e+01
3.078900091350078583e-02,0.000000000000000000e+00
7.070699930191040039e-01,4.000000000000000000e+00
9.231799840927124023e-01,1.500000000000000000e+01
3.043600022792816162e-01,0.000000000000000000e+00
2.283699959516525269e-01,0.000000000000000000e+00
5.211399793624877930e-01,0.000000000000000000e+00
9.190300107002258301e-01,1.500000000000000000e+01
1.845200061798095703e-01,0.000000000000000000e+00
6.125599741935729980e-01,2.000000000000000000e+00
2.829799950122833252e-01,0.000000000000000000e+00
8.279200196266174316e-01,1.000000000000000000e+01
5.985999703407287598e-01,1.000000000000000000e+00
3.739300072193145752e-01,0.000000000000000000e+00
4.756500124931335449e-01,0.000000000000000000e+00
4.656699895858764648e-01,0.000000000000000000e+00
2.634899914264678955e-01,0.000000000000000000e+00
3.233099877834320068e-01,0.000000000000000000e+00
4.387899935245513916e-01,0.000000000000000000e+00
3.671199977397918701e-01,0.000000000000000000e+00
