1.251299977302551270e-01,0.000000000000000000e+00
5.440800189971923828e-01,2.000000000000000000e+01
8.203600049018859863e-01,1.280000000000000000e+02
9.405400156974792480e-01,2.030000000000000000e+02
6.683800220489501953e-01,5.800000000000000000e+01
8.584100008010864258e-01,1.490000000000000000e+02
4.324499964714050293e-01,5.000000000000000000e+00
7.586100101470947266e-01,1.040000000000000000e+02
7.192500233650207520e-01,8.000000000000000000e+01
1.414200067520141602e-01,0.000000000000000000e+00
5.054100155830383301e-01,1.400000000000000000e+01
6.462500095367431641e-01,5.200000000000000000e+01
6.749699711799621582e-01,6.100000000000000000e+01
9.525700211524963379e-01,2.170000000000000000e+02
3.183200061321258545e-01,0.000000000000000000e+00
2.874499857425689697e-01,0.000000000000000000e+00
1.569900065660476685e-01,0.000000000000000000e+00
7.398399710655212402e-02,0.000000000000000000e+00
4.508099853992462158e-01,8.000000000000000000e+00
5.716000199317932129e-01,2.900000000000000000e+01
