8.960999846458435059e-01,2.011000000000000000e+03
7.830799818038940430e-01,1.799000000000000000e+03
1.416800022125244141e-01,1.930000000000000000e+02
4.439800083637237549e-01,9.240000000000000000e+02
8.424999713897705078e-01,1.899000000000000000e+03
6.784499883651733398e-01,1.398000000000000000e+03
8.886500000953674316e-01,2.000000000000000000e+03
6.204599738121032715e-01,1.262000000000000000e+03
7.809000015258789062e-01,1.795000000000000000e+03
5.182200074195861816e-01,1.166000000000000000e+03
1.381600052118301392e-01,1.900000000000000000e+02
9.986000061035156250e-01,2.086000000000000000e+03
7.808200120925903320e-01,1.795000000000000000e+03
3.303500115871429443e-01,6.800000000000000000e+02
9.833300113677978516e-01,2.085000000000000000e+03
3.577300012111663818e-01,7.180000000000000000e+02
8.065699934959411621e-01,1.822000000000000000e+03
9.606699943542480469e-01,2.081000000000000000e+03
4.638600051403045654e-01,1.061000000000000000e+03
6.216700077056884766e-01,1.262000000000000000e+03
