6.457400321960449219e-02,0.000000000000000000e+00
8.176199793815612793e-01,2.000000000000000000e+00
4.205900132656097412e-01,0.000000000000000000e+00
5.744699835777282715e-01,0.000000000000000000e+00
2.234099954366683960e-01,0.000000000000000000e+00
9.090399742126464844e-02,0.000000000000000000e+00
3.867099881172180176e-01,0.000000000000000000e+00
5.030500143766403198e-02,0.000000000000000000e+00
5.105800032615661621e-01,0.000000000000000000e+00
9.871399998664855957e-01,1.800000000000000000e+01
8.629299998283386230e-01,5.000000000000000000e+00
3.725700080394744873e-01,0.000000000000000000e+00
1.534699946641921997e-01,0.000000000000000000e+00
1.383600011467933655e-02,0.000000000000000000e+00
8.468599915504455566e-01,4.000000000000000000e+00
4.212000072002410889e-01,0.000000000000000000e+00
5.731800198554992676e-01,0.000000000000000000e+00
7.994199991226196289e-01,2.000000000000000000e+00
6.652799844741821289e-01,0.000000000000000000e+00
7.896299958229064941e-01,2.000000000000000000e+00
