3.020600080490112305e-01,0.000000000000000000e+00
8.304899930953979492e-01,8.300000000000000000e+01
9.458100199699401855e-01,1.520000000000000000e+02
4.487000107765197754e-01,1.000000000000000000e+00
8.551400154829025269e-02,0.000000000000000000e+00
6.270599961280822754e-01,2.300000000000000000e+01
9.866300225257873535e-01,1.840000000000000000e+02
7.672799825668334961e-01,6.400000000000000000e+01
3.744899928569793701e-01,0.000000000000000000e+00
8.669300079345703125e-01,1.000000000000000000e+02
2.739700078964233398e-01,0.000000000000000000e+00
6.756200194358825684e-01,3.600000000000000000e+01
4.147399961948394775e-01,1.000000000000000000e+00
5.009199976921081543e-01,2.000000000000000000e+00
5.711400136351585388e-02,0.000000000000000000e+00
4.788799881935119629e-01,2.000000000000000000e+00
7.344899773597717285e-01,5.100000000000000000e+01
7.764199972152709961e-01,6.700000000000000000e+01
2.010099962353706360e-02,0.000000000000000000e+00
3.825699985027313232e-01,0.000000000000000000e+00
