8.462200164794921875e-01,1.440000000000000000e+02
5.250800251960754395e-01,7.000000000000000000e+00
6.587200164794921875e-01,3.600000000000000000e+01
7.634900212287902832e-01,8.200000000000000000e+01
4.130800068378448486e-01,1.000000000000000000e+00
3.562099933624267578e-01,0.000000000000000000e+00
6.950600147247314453e-01,5.100000000000000000e+01
8.420600295066833496e-01,1.420000000000000000e+02
3.394300043582916260e-01,0.000000000000000000e+00
7.645499706268310547e-01,8.200000000000000000e+01
8.222600221633911133e-01,1.270000000000000000e+02
6.998199820518493652e-01,5.300000000000000000e+01
9.788399934768676758e-02,0.000000000000000000e+00
1.804899983108043671e-02,0.000000000000000000e+00
7.095400243997573853e-02,0.000000000000000000e+00
6.273000240325927734e-01,2.900000000000000000e+01
4.578300118446350098e-01,2.000000000000000000e+00
8.799600005149841309e-01,1.760000000000000000e+02
3.082700073719024658e-01,0.000000000000000000e+00
5.305299758911132812e-01,7.000000000000000000e+00
