9.769799709320068359e-01,1.980000000000000000e+03
4.221200048923492432e-01,7.120000000000000000e+02
5.040400028228759766e-01,1.003000000000000000e+03
4.327499866485595703e-01,7.260000000000000000e+02
9.899799823760986328e-01,1.980000000000000000e+03
5.579299926757812500e-01,1.075000000000000000e+03
7.363700270652770996e-01,1.367000000000000000e+03
5.047000050544738770e-01,1.004000000000000000e+03
7.714500278234481812e-02,4.200000000000000000e+01
3.962199985980987549e-01,6.690000000000000000e+02
1.876399964094161987e-01,2.430000000000000000e+02
3.867599964141845703e-01,6.680000000000000000e+02
5.027800202369689941e-01,1.003000000000000000e+03
3.208199888467788696e-02,3.000000000000000000e+00
5.885800123214721680e-01,1.076000000000000000e+03
5.498199909925460815e-02,2.000000000000000000e+01
1.948300004005432129e-01,2.440000000000000000e+02
2.597999870777130127e-01,3.940000000000000000e+02
9.881500005722045898e-01,1.980000000000000000e+03
6.162199974060058594e-01,1.086000000000000000e+03
