3.377499878406524658e-01,6.200000000000000000e+01
6.270499825477600098e-01,4.340000000000000000e+02
3.570199906826019287e-01,7.600000000000000000e+01
8.227800130844116211e-01,7.660000000000000000e+02
2.638500034809112549e-01,1.500000000000000000e+01
8.120800256729125977e-01,7.420000000000000000e+02
4.515999853610992432e-01,1.720000000000000000e+02
5.737400054931640625e-01,3.500000000000000000e+02
2.463099956512451172e-01,8.000000000000000000e+00
1.691000014543533325e-01,0.000000000000000000e+00
2.804999947547912598e-01,2.200000000000000000e+01
4.761500060558319092e-01,2.010000000000000000e+02
7.348700165748596191e-01,6.000000000000000000e+02
8.251000046730041504e-01,7.720000000000000000e+02
1.079199984669685364e-01,0.000000000000000000e+00
7.851300239562988281e-01,7.020000000000000000e+02
5.283100008964538574e-01,2.740000000000000000e+02
6.233699917793273926e-01,4.300000000000000000e+02
5.598599910736083984e-01,3.270000000000000000e+02
5.790799856185913086e-01,3.570000000000000000e+02
