3.750100135803222656e-01,3.800000000000000000e+01
7.479100227355957031e-01,4.000000000000000000e+02
1.601099967956542969e-01,0.000000000000000000e+00
5.669699907302856445e-01,1.580000000000000000e+02
8.621799945831298828e-01,5.460000000000000000e+02
3.308199942111968994e-01,2.500000000000000000e+01
1.721899956464767456e-01,0.000000000000000000e+00
7.848200201988220215e-01,4.390000000000000000e+02
3.638600111007690430e-01,3.500000000000000000e+01
2.761999964714050293e-01,1.100000000000000000e+01
7.276399731636047363e-01,3.770000000000000000e+02
5.359799861907958984e-01,1.280000000000000000e+02
3.218399882316589355e-01,2.100000000000000000e+01
2.154400050640106201e-01,1.000000000000000000e+00
2.339300066232681274e-01,1.000000000000000000e+00
3.142899870872497559e-01,2.000000000000000000e+01
2.597199976444244385e-01,7.000000000000000000e+00
7.910000085830688477e-01,4.460000000000000000e+02
1.401899964548647404e-03,0.000000000000000000e+00
5.550299957394599915e-02,0.000000000000000000e+00
