1.943600028753280640e-01,0.000000000000000000e+00
3.492000102996826172e-01,7.000000000000000000e+00
5.528900027275085449e-02,0.000000000000000000e+00
3.644500076770782471e-01,9.000000000000000000e+00
7.173799872398376465e-01,2.080000000000000000e+02
1.983100026845932007e-01,0.000000000000000000e+00
1.260399967432022095e-01,0.000000000000000000e+00
9.870300292968750000e-01,4.820000000000000000e+02
7.455099821090698242e-01,2.360000000000000000e+02
2.892000079154968262e-01,3.000000000000000000e+00
9.247999787330627441e-01,3.970000000000000000e+02
1.951500028371810913e-01,0.000000000000000000e+00
6.220899820327758789e-01,1.170000000000000000e+02
3.092400133609771729e-01,5.000000000000000000e+00
2.274099923670291901e-02,0.000000000000000000e+00
3.145599961280822754e-01,5.000000000000000000e+00
4.078199863433837891e-01,1.800000000000000000e+01
3.373000025749206543e-01,6.000000000000000000e+00
4.156000018119812012e-01,2.200000000000000000e+01
2.123799920082092285e-02,0.000000000000000000e+00
