3.497500121593475342e-01,3.200000000000000000e+01
3.564999997615814209e-01,3.200000000000000000e+01
4.814400076866149902e-01,3.200000000000000000e+01
2.364799976348876953e-01,1.000000000000000000e+00
1.169499978423118591e-01,0.000000000000000000e+00
1.745900064706802368e-01,1.000000000000000000e+00
2.818799912929534912e-01,8.000000000000000000e+00
2.736400067806243896e-01,8.000000000000000000e+00
8.105000257492065430e-01,1.090000000000000000e+02
7.060999870300292969e-01,1.080000000000000000e+02
2.046100050210952759e-01,1.000000000000000000e+00
5.077400207519531250e-01,3.300000000000000000e+01
7.099099755287170410e-01,1.080000000000000000e+02
5.069000124931335449e-01,3.300000000000000000e+01
6.351299881935119629e-01,1.080000000000000000e+02
4.064599871635437012e-01,3.200000000000000000e+01
6.899600028991699219e-01,1.080000000000000000e+02
6.528099775314331055e-01,1.080000000000000000e+02
8.279699832201004028e-02,0.000000000000000000e+00
1.448300033807754517e-01,1.000000000000000000e+00
