9.604499936103820801e-01,4.710000000000000000e+02
1.573199927806854248e-01,0.000000000000000000e+00
6.264100074768066406e-01,1.220000000000000000e+02
2.341299951076507568e-01,2.000000000000000000e+00
6.017100214958190918e-01,1.120000000000000000e+02
8.203399777412414551e-01,3.040000000000000000e+02
4.734599888324737549e-01,4.300000000000000000e+01
4.671399891376495361e-01,4.200000000000000000e+01
1.800299994647502899e-02,0.000000000000000000e+00
2.788900136947631836e-01,3.000000000000000000e+00
4.346100091934204102e-01,3.200000000000000000e+01
8.165100216865539551e-01,2.980000000000000000e+02
9.620699882507324219e-01,4.730000000000000000e+02
4.611800014972686768e-01,4.000000000000000000e+01
5.626900121569633484e-02,0.000000000000000000e+00
9.537599980831146240e-02,0.000000000000000000e+00
1.007099971175193787e-01,0.000000000000000000e+00
9.336599707603454590e-01,4.250000000000000000e+02
6.821900010108947754e-01,1.630000000000000000e+02
8.088200092315673828e-01,2.850000000000000000e+02
