2.420500069856643677e-01,1.000000000000000000e+01
3.893100023269653320e-01,5.000000000000000000e+01
2.984899878501892090e-01,4.200000000000000000e+01
8.817399740219116211e-01,5.440000000000000000e+02
9.459300041198730469e-01,6.000000000000000000e+02
1.539800018072128296e-01,1.000000000000000000e+00
1.973599940538406372e-01,3.000000000000000000e+00
4.421800076961517334e-01,1.470000000000000000e+02
5.945699810981750488e-01,1.860000000000000000e+02
7.065399885177612305e-01,4.760000000000000000e+02
5.835000276565551758e-01,1.750000000000000000e+02
5.820900201797485352e-01,1.740000000000000000e+02
7.833099961280822754e-01,4.900000000000000000e+02
5.323799848556518555e-01,1.600000000000000000e+02
7.597100138664245605e-01,4.840000000000000000e+02
1.754799932241439819e-01,3.000000000000000000e+00
2.159100025892257690e-01,1.000000000000000000e+01
3.468100130558013916e-01,4.300000000000000000e+01
8.766400218009948730e-01,5.420000000000000000e+02
7.854599952697753906e-01,4.900000000000000000e+02
