3.775399923324584961e-02,0.000000000000000000e+00
6.539800167083740234e-01,9.800000000000000000e+01
9.989200234413146973e-01,4.200000000000000000e+02
7.099499702453613281e-01,1.400000000000000000e+02
3.826900124549865723e-01,6.000000000000000000e+00
2.082999944686889648e-01,0.000000000000000000e+00
3.599599897861480713e-01,3.000000000000000000e+00
8.776500225067138672e-01,2.840000000000000000e+02
4.026600122451782227e-01,7.000000000000000000e+00
8.232499957084655762e-01,2.370000000000000000e+02
8.526399731636047363e-01,2.600000000000000000e+02
7.320600152015686035e-01,1.550000000000000000e+02
2.309300005435943604e-02,0.000000000000000000e+00
6.271100044250488281e-01,8.000000000000000000e+01
6.305800080299377441e-01,8.400000000000000000e+01
6.165400147438049316e-01,7.400000000000000000e+01
6.888700127601623535e-01,1.210000000000000000e+02
6.705099940299987793e-01,1.050000000000000000e+02
7.451999783515930176e-01,1.660000000000000000e+02
6.051700115203857422e-01,6.800000000000000000e+01
