8.960599899291992188e-01,4.800000000000000000e+01
4.309799969196319580e-01,0.000000000000000000e+00
4.823200106620788574e-01,0.000000000000000000e+00
8.230199813842773438e-01,3.600000000000000000e+01
1.931100040674209595e-01,0.000000000000000000e+00
3.534100055694580078e-01,0.000000000000000000e+00
3.926900029182434082e-02,0.000000000000000000e+00
8.721399903297424316e-01,4.300000000000000000e+01
3.319799900054931641e-01,0.000000000000000000e+00
6.634600162506103516e-01,1.100000000000000000e+01
1.659699976444244385e-01,0.000000000000000000e+00
8.361700177192687988e-01,3.600000000000000000e+01
3.192299902439117432e-01,0.000000000000000000e+00
3.044599890708923340e-01,0.000000000000000000e+00
9.317299723625183105e-01,5.200000000000000000e+01
7.920899987220764160e-01,2.900000000000000000e+01
4.197799861431121826e-01,0.000000000000000000e+00
9.471600055694580078e-01,5.600000000000000000e+01
2.363999933004379272e-01,0.000000000000000000e+00
5.287799835205078125e-01,2.000000000000000000e+00
