4.314700067043304443e-01,3.200000000000000000e+01
9.999099969863891602e-01,6.460000000000000000e+02
9.473500251770019531e-01,5.670000000000000000e+02
8.191599845886230469e-01,3.900000000000000000e+02
7.478600144386291504e-01,2.900000000000000000e+02
8.433899879455566406e-01,4.220000000000000000e+02
7.685999870300292969e-01,3.220000000000000000e+02
3.444699943065643311e-01,8.000000000000000000e+00
4.264799952507019043e-01,3.000000000000000000e+01
3.404999971389770508e-01,8.000000000000000000e+00
8.810099959373474121e-02,0.000000000000000000e+00
4.863100051879882812e-01,5.800000000000000000e+01
4.029200077056884766e-01,2.000000000000000000e+01
6.429200172424316406e-01,1.890000000000000000e+02
7.361299991607666016e-01,2.840000000000000000e+02
7.306500077247619629e-01,2.780000000000000000e+02
2.490199953317642212e-01,0.000000000000000000e+00
2.174700051546096802e-01,0.000000000000000000e+00
2.721700072288513184e-01,1.000000000000000000e+00
8.405200242996215820e-01,4.140000000000000000e+02
