9.229900240898132324e-01,3.500000000000000000e+01
6.435800194740295410e-01,1.000000000000000000e+00
6.796799898147583008e-01,3.000000000000000000e+00
2.595700025558471680e-01,0.000000000000000000e+00
6.313800215721130371e-01,1.000000000000000000e+00
5.633000135421752930e-01,0.000000000000000000e+00
3.342200070619583130e-02,0.000000000000000000e+00
7.401199936866760254e-01,4.000000000000000000e+00
7.278400063514709473e-01,4.000000000000000000e+00
5.496100187301635742e-01,0.000000000000000000e+00
3.882000148296356201e-01,0.000000000000000000e+00
7.199199795722961426e-01,3.000000000000000000e+00
5.396299958229064941e-01,0.000000000000000000e+00
4.017100036144256592e-01,0.000000000000000000e+00
9.272800087928771973e-01,3.800000000000000000e+01
6.544299721717834473e-01,1.000000000000000000e+00
2.350499927997589111e-01,0.000000000000000000e+00
9.652100205421447754e-01,4.300000000000000000e+01
7.334499955177307129e-01,4.000000000000000000e+00
9.536899924278259277e-01,4.300000000000000000e+01
