2.976199984550476074e-01,7.000000000000000000e+01
7.954099774360656738e-01,1.050000000000000000e+03
2.113900035619735718e-01,1.200000000000000000e+01
3.547900021076202393e-01,1.400000000000000000e+02
2.866399884223937988e-01,6.100000000000000000e+01
4.479799866676330566e-01,2.940000000000000000e+02
4.203099906444549561e-01,2.410000000000000000e+02
5.115799903869628906e-01,4.080000000000000000e+02
3.497099876403808594e-01,1.340000000000000000e+02
8.763999938964843750e-01,1.229000000000000000e+03
8.588799834251403809e-01,1.196000000000000000e+03
5.139200091361999512e-01,4.130000000000000000e+02
1.024700030684471130e-01,0.000000000000000000e+00
6.062700152397155762e-01,6.050000000000000000e+02
5.397599935531616211e-01,4.690000000000000000e+02
7.810400128364562988e-01,1.012000000000000000e+03
3.955200016498565674e-01,1.910000000000000000e+02
5.996999740600585938e-01,5.920000000000000000e+02
4.339500069618225098e-01,2.670000000000000000e+02
9.900199770927429199e-01,1.482000000000000000e+03
