9.346500039100646973e-01,4.700000000000000000e+01
7.480999827384948730e-01,1.000000000000000000e+01
7.162200212478637695e-01,9.000000000000000000e+00
5.072900056838989258e-01,0.000000000000000000e+00
3.697800040245056152e-01,0.000000000000000000e+00
3.596499860286712646e-01,0.000000000000000000e+00
2.458100020885467529e-01,0.000000000000000000e+00
2.866399884223937988e-01,0.000000000000000000e+00
6.467000115662813187e-03,0.000000000000000000e+00
9.282000064849853516e-01,4.500000000000000000e+01
8.108000159263610840e-01,1.900000000000000000e+01
4.351800084114074707e-01,0.000000000000000000e+00
2.926400005817413330e-01,0.000000000000000000e+00
6.959000229835510254e-01,8.000000000000000000e+00
2.318499982357025146e-01,0.000000000000000000e+00
3.550800085067749023e-01,0.000000000000000000e+00
3.543899953365325928e-01,0.000000000000000000e+00
9.976099729537963867e-01,7.700000000000000000e+01
1.135400012135505676e-01,0.000000000000000000e+00
1.044199988245964050e-01,0.000000000000000000e+00
