8.318499922752380371e-01,2.431000000000000000e+03
8.841400146484375000e-01,2.539000000000000000e+03
2.891399860382080078e-01,8.960000000000000000e+02
9.557399749755859375e-01,2.692000000000000000e+03
7.149099707603454590e-01,2.169000000000000000e+03
7.775099873542785645e-01,2.310000000000000000e+03
2.897899970412254333e-02,2.000000000000000000e+00
6.531000137329101562e-01,2.014000000000000000e+03
8.620799779891967773e-01,2.492000000000000000e+03
8.236100077629089355e-01,2.416000000000000000e+03
8.209699988365173340e-01,2.411000000000000000e+03
9.123700261116027832e-01,2.609000000000000000e+03
6.375200152397155762e-01,1.969000000000000000e+03
5.046600103378295898e-01,1.600000000000000000e+03
2.209199965000152588e-01,6.170000000000000000e+02
3.179399967193603516e-01,1.003000000000000000e+03
3.543699905276298523e-02,7.000000000000000000e+00
7.644100189208984375e-01,2.280000000000000000e+03
5.587000250816345215e-01,1.766000000000000000e+03
4.712600111961364746e-01,1.499000000000000000e+03
