6.815299987792968750e-01,1.741000000000000000e+03
9.678300023078918457e-01,2.343000000000000000e+03
5.343800038099288940e-02,9.100000000000000000e+01
3.546699881553649902e-01,9.890000000000000000e+02
7.035499811172485352e-01,1.826000000000000000e+03
1.651000045239925385e-02,4.000000000000000000e+00
9.526100158691406250e-01,2.336000000000000000e+03
8.889899849891662598e-01,2.244000000000000000e+03
1.158400028944015503e-01,2.470000000000000000e+02
1.115399971604347229e-01,2.400000000000000000e+02
7.049199938774108887e-01,1.828000000000000000e+03
6.341099739074707031e-01,1.610000000000000000e+03
7.036200165748596191e-02,1.120000000000000000e+02
3.520100116729736328e-01,9.820000000000000000e+02
9.358199834823608398e-01,2.320000000000000000e+03
9.885299801826477051e-01,2.344000000000000000e+03
4.747399985790252686e-01,1.340000000000000000e+03
1.559900045394897461e-01,3.490000000000000000e+02
8.688799738883972168e-01,2.218000000000000000e+03
1.258600056171417236e-01,2.580000000000000000e+02
