7.212799787521362305e-01,7.510000000000000000e+02
9.338200092315673828e-01,1.167000000000000000e+03
3.077200055122375488e-02,0.000000000000000000e+00
3.699000179767608643e-02,0.000000000000000000e+00
5.368199944496154785e-01,3.960000000000000000e+02
1.995700001716613770e-01,5.000000000000000000e+00
5.835499987006187439e-02,0.000000000000000000e+00
4.761100113391876221e-01,2.860000000000000000e+02
1.788100004196166992e-01,1.000000000000000000e+00
9.099299907684326172e-01,1.125000000000000000e+03
8.586199879646301270e-01,1.018000000000000000e+03
9.938099980354309082e-01,1.283000000000000000e+03
9.941899776458740234e-01,1.284000000000000000e+03
4.918400049209594727e-01,3.080000000000000000e+02
4.462100099772214890e-03,0.000000000000000000e+00
1.969600021839141846e-01,2.000000000000000000e+00
7.379199862480163574e-01,7.800000000000000000e+02
8.701200038194656372e-02,0.000000000000000000e+00
3.538100123405456543e-01,1.050000000000000000e+02
8.367699980735778809e-01,9.730000000000000000e+02
