6.137599945068359375e-01,1.414000000000000000e+03
8.004599809646606445e-01,1.922000000000000000e+03
7.892199754714965820e-01,1.898000000000000000e+03
9.206900000572204590e-01,2.125000000000000000e+03
4.530900120735168457e-01,1.097000000000000000e+03
2.891600131988525391e-01,6.460000000000000000e+02
3.394199907779693604e-01,7.460000000000000000e+02
6.345700025558471680e-01,1.510000000000000000e+03
3.138599991798400879e-01,7.020000000000000000e+02
7.954199910163879395e-01,1.915000000000000000e+03
7.779899835586547852e-01,1.868000000000000000e+03
1.603100001811981201e-01,2.630000000000000000e+02
3.362199962139129639e-01,7.430000000000000000e+02
3.406899869441986084e-01,7.480000000000000000e+02
7.242299914360046387e-01,1.776000000000000000e+03
2.667900025844573975e-01,5.140000000000000000e+02
8.116499781608581543e-01,1.943000000000000000e+03
5.909199714660644531e-01,1.331000000000000000e+03
2.663300037384033203e-01,5.140000000000000000e+02
2.811799943447113037e-01,5.860000000000000000e+02
