1.042499989271163940e-01,4.100000000000000000e+01
7.476300001144409180e-01,1.934000000000000000e+03
5.654299855232238770e-01,1.425000000000000000e+03
2.521800100803375244e-01,3.810000000000000000e+02
2.872700095176696777e-01,5.050000000000000000e+02
2.189200073480606079e-01,2.720000000000000000e+02
4.995400011539459229e-01,1.227000000000000000e+03
7.753000259399414062e-01,2.001000000000000000e+03
1.190999969840049744e-01,5.400000000000000000e+01
7.859100103378295898e-01,2.023000000000000000e+03
9.437699913978576660e-01,2.397000000000000000e+03
6.925500035285949707e-01,1.772000000000000000e+03
5.746200084686279297e-01,1.459000000000000000e+03
2.948400080204010010e-01,5.310000000000000000e+02
9.527300000190734863e-01,2.413000000000000000e+03
3.377099931240081787e-01,6.950000000000000000e+02
5.271900296211242676e-01,1.303000000000000000e+03
5.874000117182731628e-02,4.000000000000000000e+00
3.967599868774414062e-01,8.510000000000000000e+02
9.548699855804443359e-01,2.419000000000000000e+03
