3.689599931240081787e-01,0.000000000000000000e+00
7.995799928903579712e-02,0.000000000000000000e+00
4.183799922466278076e-01,0.000000000000000000e+00
9.721200168132781982e-02,0.000000000000000000e+00
6.602900028228759766e-01,3.000000000000000000e+00
3.411199897527694702e-02,0.000000000000000000e+00
5.854799747467041016e-01,1.000000000000000000e+00
1.535900030285120010e-02,0.000000000000000000e+00
7.587299942970275879e-01,6.000000000000000000e+00
5.433700084686279297e-01,1.000000000000000000e+00
5.003899931907653809e-01,1.000000000000000000e+00
5.198299884796142578e-01,1.000000000000000000e+00
1.427100002765655518e-01,0.000000000000000000e+00
8.063899874687194824e-01,1.000000000000000000e+01
8.957999944686889648e-01,1.400000000000000000e+01
5.267099738121032715e-01,1.000000000000000000e+00
5.232899785041809082e-01,1.000000000000000000e+00
8.564699888229370117e-01,1.200000000000000000e+01
2.057400047779083252e-01,0.000000000000000000e+00
8.290299773216247559e-01,1.100000000000000000e+01
