3.059999942779541016e-01,0.000000000000000000e+00
1.892299950122833252e-01,0.000000000000000000e+00
5.213899910449981689e-02,0.000000000000000000e+00
4.715999960899353027e-01,0.000000000000000000e+00
2.823100090026855469e-01,0.000000000000000000e+00
8.555000275373458862e-02,0.000000000000000000e+00
7.362800240516662598e-01,0.000000000000000000e+00
5.020300149917602539e-01,0.000000000000000000e+00
8.602600097656250000e-01,2.000000000000000000e+00
7.693499922752380371e-01,1.000000000000000000e+00
6.184200048446655273e-01,0.000000000000000000e+00
1.230000033974647522e-01,0.000000000000000000e+00
9.645500183105468750e-01,2.000000000000000000e+00
2.082799971103668213e-01,0.000000000000000000e+00
2.579199969768524170e-01,0.000000000000000000e+00
1.785399951040744781e-02,0.000000000000000000e+00
7.014500349760055542e-02,0.000000000000000000e+00
9.361600279808044434e-01,2.000000000000000000e+00
6.941599845886230469e-01,0.000000000000000000e+00
3.433299958705902100e-01,0.000000000000000000e+00
