1.369500011205673218e-01,0.000000000000000000e+00
5.560799837112426758e-01,5.000000000000000000e+00
4.112200140953063965e-01,1.000000000000000000e+00
6.454100012779235840e-01,9.000000000000000000e+00
5.659899711608886719e-01,5.000000000000000000e+00
2.255399972200393677e-01,0.000000000000000000e+00
2.556900084018707275e-01,0.000000000000000000e+00
8.424900174140930176e-01,4.300000000000000000e+01
9.687299728393554688e-01,6.800000000000000000e+01
6.678599715232849121e-01,1.400000000000000000e+01
8.273699879646301270e-01,4.100000000000000000e+01
6.583499908447265625e-01,1.100000000000000000e+01
8.272699713706970215e-01,4.100000000000000000e+01
1.160200014710426331e-01,0.000000000000000000e+00
9.446100145578384399e-02,0.000000000000000000e+00
1.178100034594535828e-01,0.000000000000000000e+00
5.312500000000000000e-01,5.000000000000000000e+00
2.386699896305799484e-03,0.000000000000000000e+00
4.688499867916107178e-01,3.000000000000000000e+00
9.733399748802185059e-01,7.000000000000000000e+01
