7.885299921035766602e-01,1.400000000000000000e+01
6.835500001907348633e-01,4.000000000000000000e+00
5.374000072479248047e-01,0.000000000000000000e+00
7.754899859428405762e-01,1.100000000000000000e+01
4.246200025081634521e-01,0.000000000000000000e+00
7.323300242424011230e-01,9.000000000000000000e+00
9.960500001907348633e-01,2.900000000000000000e+01
3.493799865245819092e-01,0.000000000000000000e+00
4.807600006461143494e-02,0.000000000000000000e+00
5.437899827957153320e-01,0.000000000000000000e+00
2.342000007629394531e-01,0.000000000000000000e+00
9.747899770736694336e-01,2.600000000000000000e+01
2.353899925947189331e-01,0.000000000000000000e+00
9.853199720382690430e-01,2.800000000000000000e+01
7.343599945306777954e-02,0.000000000000000000e+00
7.065799832344055176e-01,6.000000000000000000e+00
9.146999716758728027e-01,2.000000000000000000e+01
8.439800143241882324e-01,1.700000000000000000e+01
1.668799966573715210e-01,0.000000000000000000e+00
9.843400120735168457e-01,2.800000000000000000e+01
