8.096100091934204102e-01,5.560000000000000000e+02
6.079599857330322266e-01,2.690000000000000000e+02
9.161499738693237305e-01,7.480000000000000000e+02
5.989500284194946289e-01,2.600000000000000000e+02
1.526699960231781006e-01,0.000000000000000000e+00
8.874700069427490234e-01,6.950000000000000000e+02
7.337299734354019165e-02,0.000000000000000000e+00
8.982999920845031738e-01,7.140000000000000000e+02
7.715100049972534180e-01,5.010000000000000000e+02
6.591299772262573242e-01,3.560000000000000000e+02
8.751900196075439453e-01,6.710000000000000000e+02
1.372399926185607910e-01,0.000000000000000000e+00
3.113900125026702881e-01,2.500000000000000000e+01
4.745000004768371582e-01,1.220000000000000000e+02
9.549000263214111328e-01,8.260000000000000000e+02
1.760500073432922363e-01,0.000000000000000000e+00
1.443800032138824463e-01,0.000000000000000000e+00
8.120999932289123535e-01,5.620000000000000000e+02
6.431900262832641602e-01,3.230000000000000000e+02
8.282499909400939941e-01,5.920000000000000000e+02
