6.937699913978576660e-01,1.000000000000000000e+00
2.443100064992904663e-01,0.000000000000000000e+00
7.853999733924865723e-01,3.000000000000000000e+00
4.859400093555450439e-01,0.000000000000000000e+00
6.304500252008438110e-02,0.000000000000000000e+00
3.913600146770477295e-01,0.000000000000000000e+00
9.340599775314331055e-01,1.400000000000000000e+01
2.090999931097030640e-01,0.000000000000000000e+00
2.834399938583374023e-01,0.000000000000000000e+00
8.569800257682800293e-01,4.000000000000000000e+00
8.999400138854980469e-01,8.000000000000000000e+00
7.223399877548217773e-01,1.000000000000000000e+00
4.778800010681152344e-01,0.000000000000000000e+00
3.565999865531921387e-01,0.000000000000000000e+00
5.173699855804443359e-01,0.000000000000000000e+00
8.589900135993957520e-01,4.000000000000000000e+00
4.845399856567382812e-01,0.000000000000000000e+00
1.449400037527084351e-01,0.000000000000000000e+00
4.488899931311607361e-02,0.000000000000000000e+00
4.889099895954132080e-01,0.000000000000000000e+00
