3.546200096607208252e-01,1.700000000000000000e+01
7.310000061988830566e-01,3.130000000000000000e+02
6.776700019836425781e-01,2.510000000000000000e+02
4.546200037002563477e-01,5.300000000000000000e+01
7.972699999809265137e-01,4.130000000000000000e+02
5.312500000000000000e-01,1.000000000000000000e+02
4.079400002956390381e-01,3.100000000000000000e+01
7.382000088691711426e-01,3.190000000000000000e+02
2.063499987125396729e-01,0.000000000000000000e+00
8.761699795722961426e-01,5.220000000000000000e+02
7.947299629449844360e-03,0.000000000000000000e+00
4.875499904155731201e-01,7.300000000000000000e+01
1.470800042152404785e-01,0.000000000000000000e+00
7.454900145530700684e-01,3.250000000000000000e+02
5.758699774742126465e-01,1.470000000000000000e+02
2.612900137901306152e-01,5.000000000000000000e+00
1.611000001430511475e-01,0.000000000000000000e+00
5.816699862480163574e-01,1.500000000000000000e+02
1.469199955463409424e-01,0.000000000000000000e+00
6.157500147819519043e-01,1.840000000000000000e+02
