2.932200133800506592e-01,0.000000000000000000e+00
9.362699985504150391e-01,3.410000000000000000e+02
1.455900073051452637e-01,0.000000000000000000e+00
9.691399931907653809e-01,3.840000000000000000e+02
9.352499842643737793e-01,3.400000000000000000e+02
7.896699905395507812e-01,1.850000000000000000e+02
2.081899940967559814e-01,0.000000000000000000e+00
4.684199988842010498e-01,1.300000000000000000e+01
3.655700087547302246e-01,1.000000000000000000e+00
9.946600198745727539e-01,4.150000000000000000e+02
2.092200070619583130e-01,0.000000000000000000e+00
5.846499800682067871e-01,5.100000000000000000e+01
2.495400011539459229e-01,0.000000000000000000e+00
1.863899976015090942e-01,0.000000000000000000e+00
1.853799968957901001e-01,0.000000000000000000e+00
6.340600252151489258e-01,7.800000000000000000e+01
8.204699754714965820e-01,2.070000000000000000e+02
2.714500129222869873e-01,0.000000000000000000e+00
7.340400218963623047e-01,1.410000000000000000e+02
7.674400210380554199e-01,1.720000000000000000e+02
