7.947000265121459961e-01,3.310000000000000000e+02
8.678299784660339355e-01,4.220000000000000000e+02
1.550099998712539673e-01,0.000000000000000000e+00
6.005499958992004395e-01,1.610000000000000000e+02
2.849000096321105957e-01,5.000000000000000000e+00
6.753699779510498047e-01,2.300000000000000000e+02
3.883900046348571777e-01,2.200000000000000000e+01
3.096500039100646973e-01,8.000000000000000000e+00
9.707999825477600098e-01,5.820000000000000000e+02
4.822799935936927795e-02,0.000000000000000000e+00
6.071500182151794434e-01,1.690000000000000000e+02
6.432999968528747559e-01,1.980000000000000000e+02
9.560300111770629883e-01,5.520000000000000000e+02
6.038900017738342285e-01,1.680000000000000000e+02
5.058100074529647827e-02,0.000000000000000000e+00
6.358600258827209473e-01,1.900000000000000000e+02
9.612900018692016602e-02,0.000000000000000000e+00
8.982200026512145996e-01,4.650000000000000000e+02
6.085299849510192871e-01,1.700000000000000000e+02
2.388699948787689209e-01,4.000000000000000000e+00
