5.916699767112731934e-01,3.000000000000000000e+01
3.389599919319152832e-01,3.000000000000000000e+00
3.901599943637847900e-01,8.000000000000000000e+00
8.185799717903137207e-01,1.300000000000000000e+02
7.908800244331359863e-01,1.120000000000000000e+02
3.523199856281280518e-01,3.000000000000000000e+00
4.964100122451782227e-01,1.500000000000000000e+01
4.064500033855438232e-01,9.000000000000000000e+00
1.171500012278556824e-01,0.000000000000000000e+00
9.337200224399566650e-02,0.000000000000000000e+00
7.868499755859375000e-01,1.120000000000000000e+02
1.518999934196472168e-01,0.000000000000000000e+00
9.748700261116027832e-02,0.000000000000000000e+00
8.626300096511840820e-01,1.600000000000000000e+02
1.222599968314170837e-01,0.000000000000000000e+00
5.986599996685981750e-02,0.000000000000000000e+00
4.890199899673461914e-01,1.400000000000000000e+01
5.065000057220458984e-01,1.700000000000000000e+01
9.808300137519836426e-01,2.580000000000000000e+02
7.328699827194213867e-01,7.800000000000000000e+01
