3.894000053405761719e-01,0.000000000000000000e+00
7.036399841308593750e-01,3.000000000000000000e+00
4.503600001335144043e-01,0.000000000000000000e+00
3.750300109386444092e-01,0.000000000000000000e+00
5.685399770736694336e-01,0.000000000000000000e+00
7.204499840736389160e-01,3.000000000000000000e+00
3.949100077152252197e-01,0.000000000000000000e+00
7.043300271034240723e-01,3.000000000000000000e+00
5.717699974775314331e-02,0.000000000000000000e+00
9.737200140953063965e-01,7.000000000000000000e+00
6.947399973869323730e-01,3.000000000000000000e+00
6.437600255012512207e-01,1.000000000000000000e+00
7.272300124168395996e-01,3.000000000000000000e+00
2.898600101470947266e-01,0.000000000000000000e+00
9.974399805068969727e-01,8.000000000000000000e+00
9.249299764633178711e-02,0.000000000000000000e+00
1.739300042390823364e-01,0.000000000000000000e+00
5.141800045967102051e-01,0.000000000000000000e+00
4.210599958896636963e-01,0.000000000000000000e+00
1.115199998021125793e-01,0.000000000000000000e+00
