5.141100287437438965e-01,0.000000000000000000e+00
7.908999919891357422e-01,2.000000000000000000e+00
4.227400124073028564e-01,0.000000000000000000e+00
4.472300112247467041e-01,0.000000000000000000e+00
2.254700064659118652e-01,0.000000000000000000e+00
7.782499790191650391e-01,2.000000000000000000e+00
4.699400067329406738e-01,0.000000000000000000e+00
6.336299777030944824e-01,0.000000000000000000e+00
2.523399889469146729e-01,0.000000000000000000e+00
5.785800218582153320e-01,0.000000000000000000e+00
5.862699747085571289e-01,0.000000000000000000e+00
9.785500168800354004e-01,1.700000000000000000e+01
6.056299805641174316e-01,0.000000000000000000e+00
2.262900024652481079e-01,0.000000000000000000e+00
7.358000278472900391e-01,1.000000000000000000e+00
2.535499930381774902e-01,0.000000000000000000e+00
7.016900181770324707e-01,1.000000000000000000e+00
5.568400025367736816e-01,0.000000000000000000e+00
2.499700039625167847e-01,0.000000000000000000e+00
1.172000020742416382e-01,0.000000000000000000e+00
