4.144800007343292236e-01,0.000000000000000000e+00
8.400499820709228516e-01,1.200000000000000000e+01
7.555200159549713135e-02,0.000000000000000000e+00
8.315899968147277832e-01,1.200000000000000000e+01
6.969700008630752563e-02,0.000000000000000000e+00
7.596099972724914551e-01,6.000000000000000000e+00
3.283300101757049561e-01,0.000000000000000000e+00
2.551200091838836670e-01,0.000000000000000000e+00
7.298200130462646484e-01,4.000000000000000000e+00
8.837299942970275879e-01,1.300000000000000000e+01
8.212100267410278320e-01,1.100000000000000000e+01
3.159500062465667725e-01,0.000000000000000000e+00
7.575200200080871582e-01,6.000000000000000000e+00
3.322899937629699707e-01,0.000000000000000000e+00
2.522000074386596680e-01,0.000000000000000000e+00
5.412499904632568359e-01,0.000000000000000000e+00
1.138399988412857056e-01,0.000000000000000000e+00
9.481400251388549805e-02,0.000000000000000000e+00
8.275499939918518066e-01,1.100000000000000000e+01
3.738500177860260010e-02,0.000000000000000000e+00
