7.401999831199645996e-01,1.600000000000000000e+01
8.452200293540954590e-01,3.100000000000000000e+01
8.756499886512756348e-01,3.500000000000000000e+01
4.989799857139587402e-01,0.000000000000000000e+00
5.051700025796890259e-02,0.000000000000000000e+00
1.689500063657760620e-01,0.000000000000000000e+00
1.122300028800964355e-01,0.000000000000000000e+00
8.768200278282165527e-01,3.500000000000000000e+01
9.017400145530700684e-01,3.700000000000000000e+01
8.494499921798706055e-01,3.200000000000000000e+01
1.010600011795759201e-02,0.000000000000000000e+00
9.743599891662597656e-01,5.600000000000000000e+01
8.205500245094299316e-01,2.500000000000000000e+01
5.324900150299072266e-01,0.000000000000000000e+00
5.326300263404846191e-01,0.000000000000000000e+00
5.066199898719787598e-01,0.000000000000000000e+00
6.340799927711486816e-01,6.000000000000000000e+00
1.705700010061264038e-01,0.000000000000000000e+00
5.801500082015991211e-01,2.000000000000000000e+00
4.631499946117401123e-01,0.000000000000000000e+00
