6.219800114631652832e-01,0.000000000000000000e+00
1.229799985885620117e-01,0.000000000000000000e+00
5.317500233650207520e-01,0.000000000000000000e+00
2.565099895000457764e-01,0.000000000000000000e+00
1.009299978613853455e-01,0.000000000000000000e+00
3.810099959373474121e-01,0.000000000000000000e+00
1.932100057601928711e-01,0.000000000000000000e+00
5.914000272750854492e-01,0.000000000000000000e+00
4.915899932384490967e-01,0.000000000000000000e+00
2.013600021600723267e-01,0.000000000000000000e+00
5.538100004196166992e-01,0.000000000000000000e+00
7.068899869918823242e-01,0.000000000000000000e+00
5.342599749565124512e-01,0.000000000000000000e+00
2.822900116443634033e-01,0.000000000000000000e+00
2.196000069379806519e-01,0.000000000000000000e+00
1.933799982070922852e-01,0.000000000000000000e+00
7.428399920463562012e-01,1.000000000000000000e+00
4.299300014972686768e-01,0.000000000000000000e+00
5.167999863624572754e-01,0.000000000000000000e+00
7.161699980497360229e-02,0.000000000000000000e+00
