9.786900281906127930e-01,1.216000000000000000e+03
7.443600296974182129e-01,7.380000000000000000e+02
4.771200120449066162e-01,2.570000000000000000e+02
7.325999736785888672e-01,7.290000000000000000e+02
2.181800007820129395e-01,1.900000000000000000e+01
9.849600195884704590e-01,1.231000000000000000e+03
8.161100149154663086e-01,8.560000000000000000e+02
3.938699960708618164e-01,1.550000000000000000e+02
8.450700044631958008e-01,9.270000000000000000e+02
3.954200148582458496e-01,1.580000000000000000e+02
7.668300271034240723e-01,7.730000000000000000e+02
3.027499914169311523e-01,6.300000000000000000e+01
1.621900051832199097e-01,8.000000000000000000e+00
4.181199967861175537e-01,1.780000000000000000e+02
3.309899866580963135e-01,8.400000000000000000e+01
5.570399761199951172e-01,3.800000000000000000e+02
3.064799904823303223e-01,6.300000000000000000e+01
2.887200005352497101e-02,0.000000000000000000e+00
9.474300146102905273e-01,1.145000000000000000e+03
5.148699879646301270e-01,3.100000000000000000e+02
