1.717299968004226685e-01,4.100000000000000000e+01
4.694800078868865967e-01,9.100000000000000000e+02
3.308700025081634521e-02,0.000000000000000000e+00
5.650600194931030273e-01,1.214000000000000000e+03
2.590200006961822510e-01,2.290000000000000000e+02
3.437600135803222656e-01,4.970000000000000000e+02
2.976399958133697510e-01,3.560000000000000000e+02
9.865400195121765137e-01,2.285000000000000000e+03
8.571000099182128906e-01,1.998000000000000000e+03
6.010800004005432129e-01,1.325000000000000000e+03
2.436899952590465546e-02,0.000000000000000000e+00
9.467399865388870239e-02,1.000000000000000000e+00
1.841199994087219238e-01,6.300000000000000000e+01
3.758699893951416016e-01,6.190000000000000000e+02
6.657199859619140625e-01,1.510000000000000000e+03
2.874200046062469482e-01,3.290000000000000000e+02
5.283300280570983887e-01,1.094000000000000000e+03
8.309699892997741699e-01,1.931000000000000000e+03
4.287999868392944336e-01,7.710000000000000000e+02
5.757300257682800293e-01,1.254000000000000000e+03
