5.680400133132934570e-01,1.200000000000000000e+01
5.543799996376037598e-01,1.100000000000000000e+01
8.617600202560424805e-01,7.500000000000000000e+01
2.926400005817413330e-01,0.000000000000000000e+00
5.753600001335144043e-01,1.400000000000000000e+01
5.536500215530395508e-01,1.100000000000000000e+01
4.639300107955932617e-01,3.000000000000000000e+00
1.343899965286254883e-01,0.000000000000000000e+00
4.588100016117095947e-01,3.000000000000000000e+00
5.012800171971321106e-02,0.000000000000000000e+00
4.943900108337402344e-01,7.000000000000000000e+00
9.167199730873107910e-01,9.600000000000000000e+01
5.151699781417846680e-01,8.000000000000000000e+00
6.983399987220764160e-01,2.700000000000000000e+01
3.596499860286712646e-01,0.000000000000000000e+00
1.044199988245964050e-01,0.000000000000000000e+00
7.896299958229064941e-01,5.100000000000000000e+01
6.254900097846984863e-01,2.000000000000000000e+01
4.131599962711334229e-01,2.000000000000000000e+00
6.600199937820434570e-01,2.400000000000000000e+01
