2.586500048637390137e-01,0.000000000000000000e+00
1.583900004625320435e-01,0.000000000000000000e+00
2.738699913024902344e-01,0.000000000000000000e+00
6.841099858283996582e-01,2.700000000000000000e+01
6.062200069427490234e-01,1.000000000000000000e+01
2.246499955654144287e-01,0.000000000000000000e+00
6.116099953651428223e-01,1.200000000000000000e+01
3.838900029659271240e-01,0.000000000000000000e+00
9.134299755096435547e-01,9.800000000000000000e+01
4.310299828648567200e-02,0.000000000000000000e+00
5.720800161361694336e-01,4.000000000000000000e+00
7.283999919891357422e-01,3.200000000000000000e+01
3.696399927139282227e-01,0.000000000000000000e+00
7.686600089073181152e-01,4.300000000000000000e+01
5.039700269699096680e-01,2.000000000000000000e+00
3.232899904251098633e-01,0.000000000000000000e+00
8.574900031089782715e-01,7.000000000000000000e+01
2.811000049114227295e-01,0.000000000000000000e+00
9.887300133705139160e-01,1.330000000000000000e+02
8.468899726867675781e-01,6.400000000000000000e+01
