6.272500157356262207e-01,1.267000000000000000e+03
5.713400244712829590e-01,1.112000000000000000e+03
2.606199979782104492e-01,2.940000000000000000e+02
5.745199918746948242e-01,1.123000000000000000e+03
9.269300103187561035e-01,1.969000000000000000e+03
4.456200003623962402e-01,7.790000000000000000e+02
8.510299772024154663e-02,8.000000000000000000e+00
2.391099929809570312e-01,2.260000000000000000e+02
4.936600103974342346e-02,1.000000000000000000e+00
7.405200004577636719e-01,1.516000000000000000e+03
4.660399854183197021e-01,8.240000000000000000e+02
7.712299823760986328e-01,1.581000000000000000e+03
1.481299996376037598e-01,6.100000000000000000e+01
1.822399944067001343e-01,1.270000000000000000e+02
1.238199993968009949e-01,3.500000000000000000e+01
1.350499987602233887e-01,4.500000000000000000e+01
3.720299899578094482e-01,5.790000000000000000e+02
1.496800035238265991e-01,6.200000000000000000e+01
3.781099990010261536e-02,0.000000000000000000e+00
6.655400246381759644e-02,4.000000000000000000e+00
