3.733899891376495361e-01,3.880000000000000000e+02
9.485700130462646484e-01,1.435000000000000000e+03
1.480399966239929199e-01,5.700000000000000000e+01
9.184600114822387695e-01,1.367000000000000000e+03
9.743700027465820312e-01,1.518000000000000000e+03
5.193099975585937500e-01,4.130000000000000000e+02
9.856600165367126465e-01,1.525000000000000000e+03
3.736299872398376465e-01,3.880000000000000000e+02
4.361599981784820557e-01,3.880000000000000000e+02
8.959400057792663574e-01,9.830000000000000000e+02
1.466600000858306885e-01,5.700000000000000000e+01
3.918299973011016846e-01,3.880000000000000000e+02
1.367200016975402832e-01,2.700000000000000000e+01
5.368499755859375000e-01,6.310000000000000000e+02
9.109100103378295898e-01,1.367000000000000000e+03
3.114100098609924316e-01,1.990000000000000000e+02
2.440900057554244995e-01,1.020000000000000000e+02
7.037500143051147461e-01,7.670000000000000000e+02
1.535499989986419678e-01,5.700000000000000000e+01
4.792000055313110352e-01,3.990000000000000000e+02
