7.591400146484375000e-01,2.351000000000000000e+03
3.729600012302398682e-01,1.258000000000000000e+03
3.687799870967864990e-01,1.240000000000000000e+03
2.587999999523162842e-01,7.820000000000000000e+02
3.856700062751770020e-01,1.304000000000000000e+03
2.309399992227554321e-01,6.500000000000000000e+02
7.776600122451782227e-01,2.389000000000000000e+03
4.179500043392181396e-01,1.419000000000000000e+03
8.304200172424316406e-01,2.507000000000000000e+03
7.962599992752075195e-01,2.427000000000000000e+03
4.256100058555603027e-01,1.444000000000000000e+03
4.550999999046325684e-01,1.528000000000000000e+03
8.790500164031982422e-01,2.614000000000000000e+03
4.730199873447418213e-01,1.594000000000000000e+03
5.299999713897705078e-01,1.754000000000000000e+03
3.461999893188476562e-01,1.157000000000000000e+03
1.955599933862686157e-01,4.690000000000000000e+02
3.825100064277648926e-01,1.288000000000000000e+03
7.677999883890151978e-02,3.000000000000000000e+00
4.684500098228454590e-01,1.575000000000000000e+03
