3.221000134944915771e-01,1.612000000000000000e+03
6.226199865341186523e-01,2.417000000000000000e+03
7.354500293731689453e-01,2.671000000000000000e+03
7.723600268363952637e-01,2.747000000000000000e+03
3.150199949741363525e-01,1.589000000000000000e+03
8.283200263977050781e-01,2.863000000000000000e+03
8.408499956130981445e-01,2.889000000000000000e+03
7.616699934005737305e-01,2.726000000000000000e+03
4.905399978160858154e-01,2.095000000000000000e+03
9.672200083732604980e-01,3.137000000000000000e+03
1.218399964272975922e-02,0.000000000000000000e+00
1.046599969267845154e-01,6.100000000000000000e+02
3.017100095748901367e-01,1.544000000000000000e+03
6.437100172042846680e-01,2.469000000000000000e+03
1.839399933815002441e-01,1.076000000000000000e+03
2.107599973678588867e-01,1.195000000000000000e+03
5.501999855041503906e-01,2.248000000000000000e+03
1.681499928236007690e-01,1.000000000000000000e+03
5.659800171852111816e-01,2.287000000000000000e+03
3.161099925637245178e-02,5.000000000000000000e+00
