4.488900005817413330e-01,1.165000000000000000e+03
4.311200082302093506e-01,1.077000000000000000e+03
8.156399726867675781e-01,2.041000000000000000e+03
3.909600079059600830e-01,9.680000000000000000e+02
7.962200045585632324e-01,2.014000000000000000e+03
1.261799931526184082e-01,2.180000000000000000e+02
4.621599912643432617e-01,1.250000000000000000e+03
3.516199886798858643e-01,9.370000000000000000e+02
4.647699892520904541e-01,1.258000000000000000e+03
1.714800000190734863e-01,4.180000000000000000e+02
6.596099734306335449e-01,1.624000000000000000e+03
7.493299841880798340e-01,1.921000000000000000e+03
8.891400098800659180e-01,2.216000000000000000e+03
4.430699944496154785e-01,1.143000000000000000e+03
8.341900110244750977e-01,2.070000000000000000e+03
2.803399860858917236e-01,6.560000000000000000e+02
9.456200003623962402e-01,2.302000000000000000e+03
7.132400274276733398e-01,1.765000000000000000e+03
1.420899927616119385e-01,3.000000000000000000e+02
6.991299986839294434e-01,1.721000000000000000e+03
