7.125899791717529297e-01,2.209000000000000000e+03
6.313899755477905273e-01,2.006000000000000000e+03
7.851899862289428711e-01,2.389000000000000000e+03
4.283599853515625000e-01,1.406000000000000000e+03
5.392000079154968262e-01,1.753000000000000000e+03
6.817200183868408203e-01,2.127000000000000000e+03
6.427400112152099609e-01,2.038000000000000000e+03
3.340499997138977051e-01,1.071000000000000000e+03
8.869699835777282715e-01,2.608000000000000000e+03
1.254500001668930054e-01,8.200000000000000000e+01
3.970800042152404785e-01,1.295000000000000000e+03
5.638200044631958008e-01,1.822000000000000000e+03
7.953900098800659180e-01,2.408000000000000000e+03
9.395099878311157227e-01,2.708000000000000000e+03
1.382700055837631226e-01,1.240000000000000000e+02
6.822999715805053711e-01,2.129000000000000000e+03
3.280000090599060059e-01,1.046000000000000000e+03
4.505099952220916748e-01,1.485000000000000000e+03
8.915799856185913086e-01,2.621000000000000000e+03
2.873499989509582520e-01,8.730000000000000000e+02
