6.378699839115142822e-02,0.000000000000000000e+00
6.810299754142761230e-01,1.712000000000000000e+03
3.898699879646301270e-01,5.540000000000000000e+02
9.119899868965148926e-01,2.316000000000000000e+03
1.450400054454803467e-01,0.000000000000000000e+00
9.173600077629089355e-01,2.335000000000000000e+03
7.341200113296508789e-01,1.870000000000000000e+03
8.547899723052978516e-01,2.181000000000000000e+03
4.297299981117248535e-01,7.510000000000000000e+02
8.175399899482727051e-01,2.095000000000000000e+03
6.256300210952758789e-01,1.532000000000000000e+03
9.043700098991394043e-01,2.303000000000000000e+03
1.424700021743774414e-01,0.000000000000000000e+00
6.478899717330932617e-01,1.610000000000000000e+03
6.376000046730041504e-01,1.572000000000000000e+03
7.985699772834777832e-01,2.041000000000000000e+03
2.671900019049644470e-02,0.000000000000000000e+00
4.488599896430969238e-01,8.420000000000000000e+02
6.543099880218505859e-01,1.625000000000000000e+03
5.579199790954589844e-01,1.301000000000000000e+03
