9.761700034141540527e-01,7.270000000000000000e+02
4.895299971103668213e-01,2.300000000000000000e+01
7.909500002861022949e-01,3.460000000000000000e+02
8.399099707603454590e-01,4.480000000000000000e+02
3.927100002765655518e-01,2.000000000000000000e+00
5.010200142860412598e-01,2.700000000000000000e+01
6.451200246810913086e-01,1.220000000000000000e+02
6.862500309944152832e-02,0.000000000000000000e+00
4.925599992275238037e-01,2.600000000000000000e+01
2.936500012874603271e-01,0.000000000000000000e+00
2.904599905014038086e-01,0.000000000000000000e+00
6.104400157928466797e-01,8.900000000000000000e+01
4.610300064086914062e-01,1.300000000000000000e+01
8.819100260734558105e-01,5.260000000000000000e+02
3.390500089153647423e-03,0.000000000000000000e+00
5.752500295639038086e-01,6.600000000000000000e+01
5.942000150680541992e-01,7.800000000000000000e+01
2.605400085449218750e-01,0.000000000000000000e+00
7.309200167655944824e-01,2.370000000000000000e+02
4.909699857234954834e-01,2.300000000000000000e+01
