8.069099783897399902e-01,1.180000000000000000e+02
6.786400079727172852e-01,6.400000000000000000e+01
6.340499967336654663e-03,0.000000000000000000e+00
7.292299866676330566e-01,8.400000000000000000e+01
5.498999953269958496e-01,2.800000000000000000e+01
1.333200037479400635e-01,0.000000000000000000e+00
9.512400031089782715e-01,2.190000000000000000e+02
9.333199858665466309e-01,2.000000000000000000e+02
7.728999853134155273e-01,9.900000000000000000e+01
1.363700032234191895e-01,0.000000000000000000e+00
3.675200045108795166e-01,5.000000000000000000e+00
6.593800187110900879e-01,6.100000000000000000e+01
2.655900120735168457e-01,0.000000000000000000e+00
8.641499876976013184e-01,1.570000000000000000e+02
2.964400053024291992e-01,1.000000000000000000e+00
2.763099968433380127e-01,0.000000000000000000e+00
2.152400016784667969e-01,0.000000000000000000e+00
6.700400114059448242e-01,6.300000000000000000e+01
9.944099783897399902e-01,2.630000000000000000e+02
9.073899984359741211e-01,1.820000000000000000e+02
