6.353499889373779297e-01,1.210000000000000000e+02
2.711899876594543457e-01,1.000000000000000000e+00
3.486399948596954346e-01,8.000000000000000000e+00
4.763999953866004944e-02,0.000000000000000000e+00
1.908899992704391479e-01,0.000000000000000000e+00
3.427299857139587402e-01,6.000000000000000000e+00
5.342800021171569824e-01,5.900000000000000000e+01
7.532700151205062866e-02,0.000000000000000000e+00
8.490999937057495117e-01,3.140000000000000000e+02
4.378400146961212158e-01,2.400000000000000000e+01
4.562599956989288330e-01,3.000000000000000000e+01
9.425500035285949707e-01,4.160000000000000000e+02
3.957000076770782471e-01,1.400000000000000000e+01
2.209199965000152588e-01,0.000000000000000000e+00
9.350900053977966309e-01,4.020000000000000000e+02
8.841400146484375000e-01,3.470000000000000000e+02
7.271000146865844727e-01,1.960000000000000000e+02
4.378100037574768066e-01,2.400000000000000000e+01
8.314099907875061035e-01,3.010000000000000000e+02
5.587000250816345215e-01,6.800000000000000000e+01
