2.829799987375736237e-02,0.000000000000000000e+00
6.717500090599060059e-01,1.700000000000000000e+01
7.084100246429443359e-01,2.300000000000000000e+01
2.705699997022747993e-03,0.000000000000000000e+00
8.413699865341186523e-01,7.800000000000000000e+01
3.377299904823303223e-01,1.000000000000000000e+00
6.803600192070007324e-01,1.800000000000000000e+01
9.035099744796752930e-01,1.160000000000000000e+02
6.611800193786621094e-01,1.600000000000000000e+01
4.753600060939788818e-01,1.000000000000000000e+00
9.027100205421447754e-01,1.160000000000000000e+02
4.833999872207641602e-01,1.000000000000000000e+00
4.092499911785125732e-01,1.000000000000000000e+00
4.592199921607971191e-01,1.000000000000000000e+00
6.089199781417846680e-01,9.000000000000000000e+00
4.055100083351135254e-01,1.000000000000000000e+00
2.768799960613250732e-01,0.000000000000000000e+00
1.461900025606155396e-01,0.000000000000000000e+00
5.441399812698364258e-01,3.000000000000000000e+00
7.158899903297424316e-01,2.600000000000000000e+01
