6.867899894714355469e-01,5.000000000000000000e+01
9.931700229644775391e-01,2.140000000000000000e+02
6.903100013732910156e-01,5.200000000000000000e+01
9.946399927139282227e-01,2.150000000000000000e+02
9.780399799346923828e-01,2.050000000000000000e+02
8.560199737548828125e-01,1.230000000000000000e+02
3.806900084018707275e-01,1.000000000000000000e+00
1.763300001621246338e-01,0.000000000000000000e+00
1.054900046437978745e-02,0.000000000000000000e+00
8.530099987983703613e-01,1.220000000000000000e+02
3.082900047302246094e-01,0.000000000000000000e+00
8.629999756813049316e-01,1.310000000000000000e+02
9.976900219917297363e-01,2.180000000000000000e+02
1.059900037944316864e-02,0.000000000000000000e+00
7.098200172185897827e-02,0.000000000000000000e+00
6.776300072669982910e-01,4.600000000000000000e+01
7.078499794006347656e-01,5.900000000000000000e+01
1.684599965810775757e-01,0.000000000000000000e+00
3.512800037860870361e-01,0.000000000000000000e+00
7.748399972915649414e-01,8.000000000000000000e+01
