5.147200226783752441e-01,0.000000000000000000e+00
2.364799976348876953e-01,0.000000000000000000e+00
7.530500292778015137e-01,0.000000000000000000e+00
5.778899788856506348e-01,0.000000000000000000e+00
9.009299874305725098e-01,2.000000000000000000e+00
2.454099953174591064e-01,0.000000000000000000e+00
5.286899805068969727e-01,0.000000000000000000e+00
6.827999949455261230e-01,0.000000000000000000e+00
6.609600186347961426e-01,0.000000000000000000e+00
1.697899997234344482e-01,0.000000000000000000e+00
3.550800085067749023e-01,0.000000000000000000e+00
7.236999869346618652e-01,0.000000000000000000e+00
9.393900036811828613e-01,2.000000000000000000e+00
9.849299788475036621e-01,2.000000000000000000e+00
1.816499978303909302e-01,0.000000000000000000e+00
8.936399817466735840e-01,2.000000000000000000e+00
6.801900267601013184e-01,0.000000000000000000e+00
7.895799875259399414e-01,2.000000000000000000e+00
7.542599737644195557e-02,0.000000000000000000e+00
9.835000038146972656e-01,2.000000000000000000e+00
