1.368599981069564819e-01,0.000000000000000000e+00
8.726500272750854492e-01,7.000000000000000000e+01
9.770299792289733887e-01,1.110000000000000000e+02
2.782000005245208740e-01,0.000000000000000000e+00
4.318599998950958252e-01,0.000000000000000000e+00
3.690600097179412842e-01,0.000000000000000000e+00
4.259800016880035400e-01,0.000000000000000000e+00
9.616000056266784668e-01,1.040000000000000000e+02
8.313000202178955078e-01,4.500000000000000000e+01
2.502300143241882324e-01,0.000000000000000000e+00
1.387699972838163376e-02,0.000000000000000000e+00
1.204899996519088745e-01,0.000000000000000000e+00
7.922099828720092773e-01,3.800000000000000000e+01
9.101899862289428711e-01,7.800000000000000000e+01
7.934799790382385254e-01,3.800000000000000000e+01
7.015399932861328125e-01,1.600000000000000000e+01
1.968799978494644165e-01,0.000000000000000000e+00
8.490999937057495117e-01,5.500000000000000000e+01
8.795499801635742188e-01,7.200000000000000000e+01
1.988700032234191895e-02,0.000000000000000000e+00
