5.007399916648864746e-01,1.820000000000000000e+02
1.320299953222274780e-01,1.000000000000000000e+00
5.041599869728088379e-01,1.900000000000000000e+02
8.001000285148620605e-01,6.780000000000000000e+02
6.758199930191040039e-01,4.880000000000000000e+02
1.472000032663345337e-01,1.000000000000000000e+00
9.519600272178649902e-01,9.820000000000000000e+02
3.551999926567077637e-01,6.300000000000000000e+01
7.312600016593933105e-01,5.790000000000000000e+02
6.528599858283996582e-01,4.610000000000000000e+02
3.371700048446655273e-01,5.200000000000000000e+01
3.941600024700164795e-01,9.400000000000000000e+01
7.165399789810180664e-01,5.620000000000000000e+02
3.120700120925903320e-01,4.200000000000000000e+01
1.731099933385848999e-01,2.000000000000000000e+00
3.725199997425079346e-01,7.500000000000000000e+01
5.891100168228149414e-01,3.170000000000000000e+02
1.220299955457448959e-02,0.000000000000000000e+00
2.536099851131439209e-01,1.600000000000000000e+01
6.409999728202819824e-01,4.380000000000000000e+02
