9.250299930572509766e-01,1.745000000000000000e+03
4.575400054454803467e-01,7.870000000000000000e+02
7.935699820518493652e-01,1.563000000000000000e+03
1.752600073814392090e-01,1.300000000000000000e+02
6.536599993705749512e-02,1.200000000000000000e+01
3.000600039958953857e-01,4.430000000000000000e+02
4.614500105381011963e-01,7.900000000000000000e+02
8.719999790191650391e-01,1.679000000000000000e+03
5.930899977684020996e-01,9.680000000000000000e+02
1.603499948978424072e-01,1.090000000000000000e+02
8.463199734687805176e-01,1.656000000000000000e+03
4.341999888420104980e-01,7.480000000000000000e+02
4.322499930858612061e-01,7.470000000000000000e+02
3.175700008869171143e-01,4.560000000000000000e+02
4.965600073337554932e-01,8.280000000000000000e+02
6.052899956703186035e-01,1.003000000000000000e+03
4.519899934530258179e-02,4.000000000000000000e+00
9.308199882507324219e-01,1.752000000000000000e+03
2.812500000000000000e-01,3.090000000000000000e+02
4.180999994277954102e-01,6.810000000000000000e+02
