9.504799842834472656e-01,2.636000000000000000e+03
4.742600023746490479e-01,1.322000000000000000e+03
5.643699765205383301e-01,1.649000000000000000e+03
7.977499961853027344e-01,2.292000000000000000e+03
8.951900005340576172e-01,2.513000000000000000e+03
3.531799912452697754e-01,7.190000000000000000e+02
8.993300199508666992e-01,2.525000000000000000e+03
3.873899877071380615e-01,9.210000000000000000e+02
7.196099758148193359e-01,2.088000000000000000e+03
6.586700081825256348e-01,1.932000000000000000e+03
6.781399846076965332e-01,1.979000000000000000e+03
3.847599923610687256e-01,9.090000000000000000e+02
6.401200294494628906e-01,1.875000000000000000e+03
7.988300174474716187e-02,0.000000000000000000e+00
4.822500050067901611e-01,1.359000000000000000e+03
5.003299713134765625e-01,1.428000000000000000e+03
1.012599989771842957e-01,0.000000000000000000e+00
5.878300070762634277e-01,1.720000000000000000e+03
4.602000117301940918e-01,1.269000000000000000e+03
2.727900147438049316e-01,2.290000000000000000e+02
