8.374699950218200684e-01,1.062000000000000000e+03
6.581799685955047607e-02,0.000000000000000000e+00
4.600799977779388428e-01,2.950000000000000000e+02
9.775699973106384277e-01,1.387000000000000000e+03
5.415400266647338867e-01,4.430000000000000000e+02
3.585399985313415527e-01,1.460000000000000000e+02
8.978199958801269531e-01,1.189000000000000000e+03
3.938300013542175293e-01,1.890000000000000000e+02
5.092300176620483398e-01,3.700000000000000000e+02
9.801200032234191895e-01,1.391000000000000000e+03
2.229200005531311035e-01,2.800000000000000000e+01
1.648000031709671021e-01,9.000000000000000000e+00
2.862899899482727051e-01,6.700000000000000000e+01
2.320500016212463379e-01,3.000000000000000000e+01
8.275899887084960938e-01,1.038000000000000000e+03
4.846900105476379395e-01,3.250000000000000000e+02
1.234000027179718018e-01,4.000000000000000000e+00
6.673600077629089355e-01,7.310000000000000000e+02
4.208700060844421387e-01,2.300000000000000000e+02
5.597800016403198242e-01,4.760000000000000000e+02
