7.958299666643142700e-02,0.000000000000000000e+00
8.597599864006042480e-01,7.700000000000000000e+01
7.083200216293334961e-01,2.700000000000000000e+01
7.103899717330932617e-01,2.700000000000000000e+01
3.883300125598907471e-01,0.000000000000000000e+00
3.194100037217140198e-02,0.000000000000000000e+00
4.853799939155578613e-01,4.000000000000000000e+00
1.330299973487854004e-01,0.000000000000000000e+00
3.878400027751922607e-01,0.000000000000000000e+00
3.330500125885009766e-01,0.000000000000000000e+00
6.358100175857543945e-01,1.500000000000000000e+01
3.613899946212768555e-01,0.000000000000000000e+00
1.730200052261352539e-01,0.000000000000000000e+00
5.016599893569946289e-01,5.000000000000000000e+00
5.546200275421142578e-01,9.000000000000000000e+00
8.506699800491333008e-01,7.300000000000000000e+01
8.422499895095825195e-01,7.200000000000000000e+01
6.133300065994262695e-01,1.300000000000000000e+01
5.090799927711486816e-01,5.000000000000000000e+00
8.772400021553039551e-01,7.900000000000000000e+01
