8.707799911499023438e-01,6.600000000000000000e+01
1.545100063085556030e-01,0.000000000000000000e+00
8.266299962997436523e-01,5.800000000000000000e+01
4.822899997234344482e-01,1.000000000000000000e+00
5.371000170707702637e-01,5.000000000000000000e+00
2.265799939632415771e-01,0.000000000000000000e+00
7.402200102806091309e-01,3.600000000000000000e+01
4.218100011348724365e-01,0.000000000000000000e+00
2.440200001001358032e-01,0.000000000000000000e+00
4.314599931240081787e-01,0.000000000000000000e+00
9.919499978423118591e-03,0.000000000000000000e+00
2.439399957656860352e-01,0.000000000000000000e+00
8.279799818992614746e-01,5.900000000000000000e+01
6.041899919509887695e-01,1.200000000000000000e+01
8.803300261497497559e-01,6.700000000000000000e+01
9.255999922752380371e-01,8.300000000000000000e+01
9.621400237083435059e-01,1.060000000000000000e+02
3.958700001239776611e-01,0.000000000000000000e+00
4.620699882507324219e-01,1.000000000000000000e+00
1.174700036644935608e-01,0.000000000000000000e+00
