1.360500007867813110e-01,0.000000000000000000e+00
7.232400178909301758e-01,6.000000000000000000e+00
4.703800082206726074e-01,0.000000000000000000e+00
3.006300032138824463e-01,0.000000000000000000e+00
9.208499789237976074e-01,2.800000000000000000e+01
7.429699897766113281e-01,7.000000000000000000e+00
5.224400162696838379e-01,0.000000000000000000e+00
9.161700010299682617e-01,2.600000000000000000e+01
1.809700019657611847e-02,0.000000000000000000e+00
2.996000051498413086e-01,0.000000000000000000e+00
8.140599727630615234e-01,1.300000000000000000e+01
2.586899995803833008e-01,0.000000000000000000e+00
5.273600220680236816e-01,0.000000000000000000e+00
8.471199870109558105e-01,1.700000000000000000e+01
4.160799980163574219e-01,0.000000000000000000e+00
7.804800271987915039e-01,1.000000000000000000e+01
9.862999916076660156e-01,3.900000000000000000e+01
3.019300103187561035e-01,0.000000000000000000e+00
3.363400101661682129e-01,0.000000000000000000e+00
3.733899891376495361e-01,0.000000000000000000e+00
