3.039799928665161133e-01,9.000000000000000000e+00
5.503299832344055176e-01,1.600000000000000000e+02
8.546100258827209473e-01,5.800000000000000000e+02
4.460600018501281738e-01,7.400000000000000000e+01
4.552200064063072205e-02,0.000000000000000000e+00
9.701099991798400879e-01,7.840000000000000000e+02
4.383600056171417236e-01,7.000000000000000000e+01
2.872399985790252686e-01,6.000000000000000000e+00
9.602000117301940918e-01,7.660000000000000000e+02
4.050700068473815918e-01,5.200000000000000000e+01
2.628000080585479736e-02,0.000000000000000000e+00
2.452300041913986206e-01,5.000000000000000000e+00
3.191300034523010254e-01,1.300000000000000000e+01
9.146299958229064941e-01,6.960000000000000000e+02
8.569499850273132324e-01,5.850000000000000000e+02
1.538700014352798462e-01,0.000000000000000000e+00
5.953400135040283203e-01,2.120000000000000000e+02
1.126599982380867004e-01,0.000000000000000000e+00
4.120700061321258545e-01,5.300000000000000000e+01
5.328099727630615234e-01,1.370000000000000000e+02
