3.902800083160400391e-01,1.000000000000000000e+00
2.008800059556961060e-01,0.000000000000000000e+00
9.322500228881835938e-01,1.050000000000000000e+02
4.588899910449981689e-01,4.000000000000000000e+00
4.526199996471405029e-01,4.000000000000000000e+00
3.410600125789642334e-01,0.000000000000000000e+00
9.544600248336791992e-01,1.090000000000000000e+02
5.642499923706054688e-01,1.400000000000000000e+01
7.577000260353088379e-01,4.200000000000000000e+01
2.020300030708312988e-01,0.000000000000000000e+00
3.445700109004974365e-01,0.000000000000000000e+00
3.668200075626373291e-01,1.000000000000000000e+00
2.477699965238571167e-01,0.000000000000000000e+00
8.692100048065185547e-01,7.700000000000000000e+01
6.902199983596801758e-01,2.600000000000000000e+01
1.187999993562698364e-01,0.000000000000000000e+00
8.358799815177917480e-01,6.200000000000000000e+01
2.921600043773651123e-01,0.000000000000000000e+00
4.908300042152404785e-01,6.000000000000000000e+00
9.573799967765808105e-01,1.110000000000000000e+02
