8.780600130558013916e-02,0.000000000000000000e+00
5.141100287437438965e-01,3.520000000000000000e+02
7.518799901008605957e-01,8.140000000000000000e+02
3.843199908733367920e-01,1.500000000000000000e+02
9.976199865341186523e-01,1.317000000000000000e+03
9.785500168800354004e-01,1.286000000000000000e+03
1.457500010728836060e-01,1.000000000000000000e+00
4.227400124073028564e-01,2.110000000000000000e+02
9.613199830055236816e-01,1.251000000000000000e+03
3.191800117492675781e-01,6.500000000000000000e+01
6.977999806404113770e-01,7.330000000000000000e+02
4.015400111675262451e-01,1.780000000000000000e+02
4.453400075435638428e-01,2.430000000000000000e+02
6.336299777030944824e-01,6.030000000000000000e+02
7.801499962806701660e-01,8.620000000000000000e+02
7.156599760055541992e-01,7.600000000000000000e+02
4.063099920749664307e-01,1.830000000000000000e+02
2.690699994564056396e-01,3.300000000000000000e+01
5.412700176239013672e-01,4.020000000000000000e+02
2.199299931526184082e-01,1.100000000000000000e+01
