8.625400066375732422e-01,8.700000000000000000e+01
4.685899913311004639e-01,4.000000000000000000e+00
9.215800166130065918e-01,1.120000000000000000e+02
5.774499773979187012e-01,1.400000000000000000e+01
9.213200211524963379e-01,1.120000000000000000e+02
3.715800046920776367e-01,0.000000000000000000e+00
2.158900052309036255e-01,0.000000000000000000e+00
1.352999955415725708e-01,0.000000000000000000e+00
1.582400053739547729e-01,0.000000000000000000e+00
3.311499953269958496e-01,0.000000000000000000e+00
2.097699940204620361e-01,0.000000000000000000e+00
4.903599917888641357e-01,4.000000000000000000e+00
5.652099847793579102e-01,1.300000000000000000e+01
4.460299909114837646e-01,2.000000000000000000e+00
3.401600122451782227e-01,0.000000000000000000e+00
2.475199997425079346e-01,0.000000000000000000e+00
4.088500142097473145e-01,1.000000000000000000e+00
1.176100000739097595e-01,0.000000000000000000e+00
1.251800060272216797e-01,0.000000000000000000e+00
3.692499995231628418e-01,0.000000000000000000e+00
