8.780000358819961548e-02,0.000000000000000000e+00
1.637099981307983398e-01,0.000000000000000000e+00
7.779899835586547852e-01,5.000000000000000000e+01
6.420899927616119385e-02,0.000000000000000000e+00
9.447199702262878418e-01,1.030000000000000000e+02
3.679000139236450195e-01,2.000000000000000000e+00
8.550599813461303711e-01,7.100000000000000000e+01
5.926399827003479004e-01,1.300000000000000000e+01
5.379700064659118652e-01,7.000000000000000000e+00
7.347999811172485352e-01,3.600000000000000000e+01
5.907599925994873047e-01,1.200000000000000000e+01
8.656700253486633301e-01,7.500000000000000000e+01
3.645200133323669434e-01,2.000000000000000000e+00
3.847900032997131348e-01,2.000000000000000000e+00
5.433099865913391113e-01,7.000000000000000000e+00
4.569700062274932861e-01,3.000000000000000000e+00
4.371100068092346191e-01,2.000000000000000000e+00
8.082500100135803223e-01,5.800000000000000000e+01
6.372500211000442505e-02,0.000000000000000000e+00
2.811799943447113037e-01,0.000000000000000000e+00
