9.480100274085998535e-01,3.370000000000000000e+02
7.058200240135192871e-01,1.260000000000000000e+02
6.860200166702270508e-01,1.150000000000000000e+02
3.671199977397918701e-01,7.000000000000000000e+00
3.134700059890747070e-01,1.000000000000000000e+00
3.506299853324890137e-02,0.000000000000000000e+00
9.898200035095214844e-01,4.020000000000000000e+02
1.727299988269805908e-01,0.000000000000000000e+00
7.208700180053710938e-01,1.320000000000000000e+02
4.656699895858764648e-01,2.500000000000000000e+01
2.453200072050094604e-01,0.000000000000000000e+00
3.738900125026702881e-01,7.000000000000000000e+00
7.265099883079528809e-01,1.360000000000000000e+02
1.245199963450431824e-01,0.000000000000000000e+00
3.553000092506408691e-01,5.000000000000000000e+00
3.028999865055084229e-01,0.000000000000000000e+00
7.802300155162811279e-02,0.000000000000000000e+00
8.043000102043151855e-01,2.040000000000000000e+02
5.867000222206115723e-01,7.300000000000000000e+01
7.861800193786621094e-01,1.860000000000000000e+02
