9.867900013923645020e-01,5.200000000000000000e+01
9.123299717903137207e-01,3.400000000000000000e+01
2.803499996662139893e-01,0.000000000000000000e+00
4.247199892997741699e-01,0.000000000000000000e+00
6.157100200653076172e-03,0.000000000000000000e+00
1.074799969792366028e-01,0.000000000000000000e+00
5.849000215530395508e-01,1.000000000000000000e+00
3.248599916696548462e-02,0.000000000000000000e+00
3.742899894714355469e-01,0.000000000000000000e+00
3.971300125122070312e-01,0.000000000000000000e+00
2.102800011634826660e-01,0.000000000000000000e+00
2.229100018739700317e-01,0.000000000000000000e+00
6.767500191926956177e-02,0.000000000000000000e+00
5.450800061225891113e-01,0.000000000000000000e+00
3.894500136375427246e-01,0.000000000000000000e+00
7.855200171470642090e-01,1.700000000000000000e+01
1.156399995088577271e-01,0.000000000000000000e+00
1.177100017666816711e-01,0.000000000000000000e+00
6.290299892425537109e-01,5.000000000000000000e+00
6.536899805068969727e-01,5.000000000000000000e+00
