6.778199970722198486e-02,0.000000000000000000e+00
5.527200102806091309e-01,1.000000000000000000e+00
1.236900016665458679e-01,0.000000000000000000e+00
2.621299922466278076e-01,0.000000000000000000e+00
8.166999816894531250e-01,2.800000000000000000e+01
7.512400150299072266e-01,2.100000000000000000e+01
6.858800053596496582e-01,1.200000000000000000e+01
2.137500094249844551e-03,0.000000000000000000e+00
4.270499944686889648e-01,0.000000000000000000e+00
1.372399926185607910e-01,0.000000000000000000e+00
4.254600107669830322e-01,0.000000000000000000e+00
7.121099829673767090e-01,1.200000000000000000e+01
7.574700117111206055e-01,2.100000000000000000e+01
5.222700238227844238e-01,1.000000000000000000e+00
1.063800007104873657e-01,0.000000000000000000e+00
4.632000029087066650e-01,1.000000000000000000e+00
5.599200129508972168e-01,1.000000000000000000e+00
2.311100065708160400e-01,0.000000000000000000e+00
8.788899779319763184e-01,3.100000000000000000e+01
1.859100013971328735e-01,0.000000000000000000e+00
