8.584700226783752441e-01,8.000000000000000000e+01
5.367299914360046387e-01,8.000000000000000000e+00
4.242599904537200928e-01,1.000000000000000000e+00
1.837999969720840454e-01,0.000000000000000000e+00
6.331099867820739746e-01,2.000000000000000000e+01
3.422999978065490723e-01,0.000000000000000000e+00
6.044800281524658203e-01,1.700000000000000000e+01
6.905099749565124512e-02,0.000000000000000000e+00
6.193500161170959473e-01,1.800000000000000000e+01
1.182100027799606323e-01,0.000000000000000000e+00
5.167099833488464355e-01,7.000000000000000000e+00
9.254400134086608887e-01,1.210000000000000000e+02
2.133699953556060791e-01,0.000000000000000000e+00
1.720899939537048340e-01,0.000000000000000000e+00
3.156900107860565186e-01,0.000000000000000000e+00
4.352000057697296143e-01,1.000000000000000000e+00
6.668900251388549805e-01,2.400000000000000000e+01
3.789100050926208496e-01,1.000000000000000000e+00
6.376799941062927246e-01,2.000000000000000000e+01
3.626300096511840820e-01,0.000000000000000000e+00
