3.229000139981508255e-04,0.000000000000000000e+00
6.714199781417846680e-01,3.100000000000000000e+01
8.748499751091003418e-01,7.500000000000000000e+01
2.314700037240982056e-01,0.000000000000000000e+00
9.578199982643127441e-01,1.160000000000000000e+02
8.806099891662597656e-01,7.600000000000000000e+01
8.268600106239318848e-01,5.900000000000000000e+01
6.161800026893615723e-01,2.000000000000000000e+01
7.582700252532958984e-01,4.900000000000000000e+01
3.165000081062316895e-01,0.000000000000000000e+00
4.128499925136566162e-01,2.000000000000000000e+00
4.592100083827972412e-01,6.000000000000000000e+00
2.727099955081939697e-01,0.000000000000000000e+00
8.658599853515625000e-01,7.300000000000000000e+01
6.574700027704238892e-02,0.000000000000000000e+00
3.602100014686584473e-01,0.000000000000000000e+00
1.070799976587295532e-01,0.000000000000000000e+00
1.311700046062469482e-01,0.000000000000000000e+00
4.772599935531616211e-01,7.000000000000000000e+00
1.509200036525726318e-01,0.000000000000000000e+00
