5.164600014686584473e-01,0.000000000000000000e+00
8.904700279235839844e-01,3.000000000000000000e+00
2.770600020885467529e-01,0.000000000000000000e+00
6.812900304794311523e-02,0.000000000000000000e+00
6.899799704551696777e-01,0.000000000000000000e+00
8.921999931335449219e-01,3.000000000000000000e+00
4.896300137042999268e-01,0.000000000000000000e+00
4.331099987030029297e-01,0.000000000000000000e+00
3.861599862575531006e-01,0.000000000000000000e+00
2.645899914205074310e-02,0.000000000000000000e+00
3.493800060823559761e-03,0.000000000000000000e+00
4.947099983692169189e-01,0.000000000000000000e+00
5.257300138473510742e-01,0.000000000000000000e+00
5.177800059318542480e-01,0.000000000000000000e+00
1.041099987924098969e-02,0.000000000000000000e+00
2.638399899005889893e-01,0.000000000000000000e+00
3.998799920082092285e-01,0.000000000000000000e+00
1.784700006246566772e-01,0.000000000000000000e+00
1.053500026464462280e-01,0.000000000000000000e+00
7.365099787712097168e-01,0.000000000000000000e+00
