2.824400067329406738e-01,0.000000000000000000e+00
7.739900052547454834e-02,0.000000000000000000e+00
1.219699978828430176e-01,0.000000000000000000e+00
6.794599890708923340e-01,1.320000000000000000e+02
1.243200004100799561e-01,0.000000000000000000e+00
3.773399814963340759e-02,0.000000000000000000e+00
4.080799967050552368e-02,0.000000000000000000e+00
5.419800281524658203e-01,2.800000000000000000e+01
9.957799911499023438e-01,7.100000000000000000e+02
3.690400123596191406e-01,0.000000000000000000e+00
3.646099865436553955e-01,0.000000000000000000e+00
4.536899924278259277e-01,9.000000000000000000e+00
6.187499761581420898e-01,7.200000000000000000e+01
5.149400234222412109e-01,1.600000000000000000e+01
9.425200223922729492e-01,5.980000000000000000e+02
6.607099771499633789e-01,1.150000000000000000e+02
6.381599903106689453e-01,9.000000000000000000e+01
9.597300291061401367e-01,6.420000000000000000e+02
9.972000122070312500e-01,7.130000000000000000e+02
3.170300042256712914e-03,0.000000000000000000e+00
