4.578599929809570312e-01,0.000000000000000000e+00
2.889299951493740082e-02,0.000000000000000000e+00
5.998299717903137207e-01,0.000000000000000000e+00
9.086700081825256348e-01,1.400000000000000000e+01
9.982299804687500000e-01,2.300000000000000000e+01
2.943400144577026367e-01,0.000000000000000000e+00
5.812900066375732422e-01,0.000000000000000000e+00
2.287199944257736206e-01,0.000000000000000000e+00
3.739899992942810059e-01,0.000000000000000000e+00
1.397199928760528564e-01,0.000000000000000000e+00
4.516200125217437744e-01,0.000000000000000000e+00
5.128399729728698730e-01,0.000000000000000000e+00
3.698900043964385986e-01,0.000000000000000000e+00
5.278199911117553711e-01,0.000000000000000000e+00
8.403599858283996582e-01,4.000000000000000000e+00
4.900099933147430420e-01,0.000000000000000000e+00
3.562699854373931885e-01,0.000000000000000000e+00
9.928900003433227539e-01,2.300000000000000000e+01
5.777999758720397949e-01,0.000000000000000000e+00
7.642099857330322266e-01,2.000000000000000000e+00
