2.415000051259994507e-01,7.100000000000000000e+01
7.113599777221679688e-01,1.251000000000000000e+03
9.801899790763854980e-01,1.874000000000000000e+03
2.984699904918670654e-01,1.640000000000000000e+02
8.955900073051452637e-01,1.688000000000000000e+03
5.919700264930725098e-01,9.430000000000000000e+02
7.547600269317626953e-01,1.352000000000000000e+03
3.930700123310089111e-01,3.990000000000000000e+02
3.452700078487396240e-01,2.720000000000000000e+02
4.239799976348876953e-01,4.700000000000000000e+02
2.016499936580657959e-01,3.000000000000000000e+01
3.750399947166442871e-01,3.640000000000000000e+02
4.225200116634368896e-01,4.660000000000000000e+02
2.105299979448318481e-01,4.200000000000000000e+01
9.344999790191650391e-01,1.770000000000000000e+03
7.750999927520751953e-01,1.397000000000000000e+03
3.910000026226043701e-01,3.920000000000000000e+02
9.204300045967102051e-01,1.745000000000000000e+03
2.455199956893920898e-01,7.900000000000000000e+01
3.808400034904479980e-01,3.710000000000000000e+02
