3.282299935817718506e-01,2.720000000000000000e+02
2.127200067043304443e-01,1.420000000000000000e+02
2.307299971580505371e-01,1.440000000000000000e+02
5.198799967765808105e-01,8.160000000000000000e+02
5.254700183868408203e-01,8.170000000000000000e+02
5.389099717140197754e-01,8.420000000000000000e+02
6.417300105094909668e-01,8.820000000000000000e+02
9.732900261878967285e-01,1.694000000000000000e+03
4.515399932861328125e-01,4.700000000000000000e+02
1.857499927282333374e-01,1.400000000000000000e+02
7.146300077438354492e-01,9.520000000000000000e+02
3.430399894714355469e-01,4.340000000000000000e+02
5.960199832916259766e-01,8.800000000000000000e+02
7.923099994659423828e-01,1.045000000000000000e+03
1.696799993515014648e-01,8.400000000000000000e+01
7.609699964523315430e-01,1.021000000000000000e+03
5.344499945640563965e-01,8.260000000000000000e+02
2.259799987077713013e-01,1.440000000000000000e+02
3.543500006198883057e-01,4.380000000000000000e+02
2.680799961090087891e-01,2.440000000000000000e+02
