8.293099999427795410e-01,2.683000000000000000e+03
6.575300097465515137e-01,2.298000000000000000e+03
8.169000148773193359e-01,2.648000000000000000e+03
6.217700242996215820e-01,2.209000000000000000e+03
2.159699946641921997e-01,9.660000000000000000e+02
8.229100108146667480e-01,2.669000000000000000e+03
1.688899993896484375e-01,7.620000000000000000e+02
6.155700087547302246e-01,2.194000000000000000e+03
6.126300096511840820e-01,2.187000000000000000e+03
2.985799908638000488e-01,1.287000000000000000e+03
3.500300049781799316e-01,1.462000000000000000e+03
3.748799860477447510e-01,1.538000000000000000e+03
2.186900004744529724e-02,2.800000000000000000e+01
7.452200055122375488e-01,2.496000000000000000e+03
9.293100237846374512e-01,2.878000000000000000e+03
5.712800025939941406e-01,2.091000000000000000e+03
7.682399749755859375e-01,2.544000000000000000e+03
6.376000046730041504e-01,2.246000000000000000e+03
5.564699769020080566e-01,2.053000000000000000e+03
5.791400074958801270e-01,2.109000000000000000e+03
