7.733500003814697266e-01,1.400000000000000000e+02
3.397200107574462891e-01,3.000000000000000000e+00
3.528099954128265381e-01,3.000000000000000000e+00
5.182399749755859375e-01,2.500000000000000000e+01
8.706300258636474609e-01,2.170000000000000000e+02
3.332799971103668213e-01,3.000000000000000000e+00
6.072599887847900391e-01,5.200000000000000000e+01
5.545099973678588867e-01,3.200000000000000000e+01
8.608800172805786133e-01,2.030000000000000000e+02
5.774099826812744141e-01,4.000000000000000000e+01
5.557899922132492065e-02,0.000000000000000000e+00
3.073599934577941895e-01,1.000000000000000000e+00
4.902499914169311523e-01,2.200000000000000000e+01
4.295400083065032959e-01,9.000000000000000000e+00
6.809200048446655273e-01,9.600000000000000000e+01
8.673899769783020020e-01,2.110000000000000000e+02
7.171700000762939453e-01,1.180000000000000000e+02
7.010700106620788574e-01,1.070000000000000000e+02
8.800199627876281738e-02,0.000000000000000000e+00
2.820299863815307617e-01,0.000000000000000000e+00
