1.546199992299079895e-02,0.000000000000000000e+00
5.576400160789489746e-01,2.238000000000000000e+03
6.148700118064880371e-01,2.372000000000000000e+03
8.100900053977966309e-01,2.802000000000000000e+03
7.340899705886840820e-01,2.646000000000000000e+03
1.566600054502487183e-01,9.220000000000000000e+02
5.428100004792213440e-02,1.880000000000000000e+02
6.069899797439575195e-01,2.355000000000000000e+03
9.396399855613708496e-01,3.062000000000000000e+03
4.040600061416625977e-01,1.835000000000000000e+03
8.793600201606750488e-01,2.944000000000000000e+03
2.966499924659729004e-01,1.496000000000000000e+03
6.027999892830848694e-02,2.460000000000000000e+02
5.347399711608886719e-01,2.178000000000000000e+03
5.978500247001647949e-01,2.337000000000000000e+03
5.147799849510192871e-01,2.129000000000000000e+03
2.161599993705749512e-01,1.181000000000000000e+03
6.085900068283081055e-01,2.358000000000000000e+03
9.235200285911560059e-01,3.027000000000000000e+03
7.343299984931945801e-01,2.646000000000000000e+03
