3.062400035560131073e-02,2.500000000000000000e+01
2.094800025224685669e-01,7.470000000000000000e+02
9.903600215911865234e-01,2.840000000000000000e+03
4.569799900054931641e-01,1.591000000000000000e+03
1.601900011301040649e-01,5.600000000000000000e+02
2.925400137901306152e-01,1.063000000000000000e+03
6.216999888420104980e-01,2.038000000000000000e+03
1.267800033092498779e-01,4.170000000000000000e+02
1.239700019359588623e-01,4.070000000000000000e+02
4.129999876022338867e-01,1.451000000000000000e+03
9.589700102806091309e-01,2.770000000000000000e+03
4.129799902439117432e-01,1.451000000000000000e+03
3.111299872398376465e-01,1.125000000000000000e+03
7.196500152349472046e-02,1.690000000000000000e+02
4.489299952983856201e-01,1.564000000000000000e+03
3.232299908995628357e-02,3.200000000000000000e+01
8.169199824333190918e-01,2.476000000000000000e+03
7.012900114059448242e-01,2.223000000000000000e+03
1.809799969196319580e-01,6.410000000000000000e+02
3.110800087451934814e-01,1.125000000000000000e+03
