2.594900131225585938e-01,1.410000000000000000e+02
9.293599724769592285e-01,1.218000000000000000e+03
1.494199931621551514e-01,2.800000000000000000e+01
1.445599943399429321e-01,2.800000000000000000e+01
2.302500009536743164e-01,5.900000000000000000e+01
3.534399867057800293e-01,2.630000000000000000e+02
1.080899983644485474e-01,6.000000000000000000e+00
7.392399944365024567e-03,0.000000000000000000e+00
7.394499778747558594e-01,5.950000000000000000e+02
1.613499969244003296e-01,2.800000000000000000e+01
7.399399876594543457e-01,5.950000000000000000e+02
2.952199876308441162e-01,1.410000000000000000e+02
1.226700022816658020e-01,1.300000000000000000e+01
4.113500118255615234e-01,2.710000000000000000e+02
1.929100006818771362e-01,5.900000000000000000e+01
7.416800260543823242e-01,5.950000000000000000e+02
9.988200068473815918e-01,1.288000000000000000e+03
2.093300074338912964e-01,5.900000000000000000e+01
2.029899954795837402e-01,5.900000000000000000e+01
3.459399938583374023e-01,2.490000000000000000e+02
