8.947700262069702148e-01,5.000000000000000000e+00
9.740499854087829590e-01,5.000000000000000000e+00
5.223699808120727539e-01,0.000000000000000000e+00
8.788599818944931030e-02,0.000000000000000000e+00
7.019100338220596313e-02,0.000000000000000000e+00
7.342699766159057617e-01,0.000000000000000000e+00
3.945200145244598389e-01,0.000000000000000000e+00
6.678900122642517090e-01,0.000000000000000000e+00
2.403199970722198486e-01,0.000000000000000000e+00
8.020499944686889648e-01,3.000000000000000000e+00
8.641499876976013184e-01,5.000000000000000000e+00
8.153300285339355469e-01,3.000000000000000000e+00
6.304100155830383301e-01,0.000000000000000000e+00
8.164899945259094238e-01,3.000000000000000000e+00
8.377699851989746094e-01,5.000000000000000000e+00
9.962999820709228516e-01,8.000000000000000000e+00
9.861800074577331543e-01,8.000000000000000000e+00
7.719799876213073730e-01,1.000000000000000000e+00
3.463400062173604965e-04,0.000000000000000000e+00
4.050799831748008728e-02,0.000000000000000000e+00
