3.080700039863586426e-01,3.000000000000000000e+00
3.963600099086761475e-01,5.000000000000000000e+00
2.954399883747100830e-01,3.000000000000000000e+00
9.944599866867065430e-02,0.000000000000000000e+00
7.541400194168090820e-01,1.710000000000000000e+02
4.909699857234954834e-01,2.400000000000000000e+01
4.204300045967102051e-01,9.000000000000000000e+00
6.998699903488159180e-01,1.310000000000000000e+02
3.376899957656860352e-01,4.000000000000000000e+00
6.542299985885620117e-01,9.700000000000000000e+01
9.046800136566162109e-01,3.130000000000000000e+02
6.887300014495849609e-01,1.230000000000000000e+02
3.998700082302093506e-01,5.000000000000000000e+00
2.827000021934509277e-01,2.000000000000000000e+00
3.676899969577789307e-01,4.000000000000000000e+00
8.940899968147277832e-01,3.020000000000000000e+02
2.094099968671798706e-01,0.000000000000000000e+00
1.987700015306472778e-01,0.000000000000000000e+00
5.166000127792358398e-01,3.100000000000000000e+01
3.476099967956542969e-01,4.000000000000000000e+00
