4.227699935436248779e-01,0.000000000000000000e+00
5.027599930763244629e-01,0.000000000000000000e+00
7.256799936294555664e-01,1.000000000000000000e+00
8.274099826812744141e-01,1.000000000000000000e+00
8.082600235939025879e-01,1.000000000000000000e+00
4.378400146961212158e-01,0.000000000000000000e+00
8.980399966239929199e-01,2.000000000000000000e+00
9.322900176048278809e-01,2.000000000000000000e+00
8.646100163459777832e-01,2.000000000000000000e+00
5.693100094795227051e-01,0.000000000000000000e+00
2.865799963474273682e-01,0.000000000000000000e+00
4.535500109195709229e-01,0.000000000000000000e+00
8.299199938774108887e-01,1.000000000000000000e+00
9.924399852752685547e-01,2.000000000000000000e+00
5.907899737358093262e-01,0.000000000000000000e+00
8.432000279426574707e-01,2.000000000000000000e+00
4.694199860095977783e-01,0.000000000000000000e+00
5.656499862670898438e-01,0.000000000000000000e+00
4.787200093269348145e-01,0.000000000000000000e+00
5.454199910163879395e-01,0.000000000000000000e+00
