9.667599797248840332e-01,1.505000000000000000e+03
1.087699979543685913e-01,1.300000000000000000e+01
8.025500178337097168e-01,7.910000000000000000e+02
5.430999994277954102e-01,6.890000000000000000e+02
9.840700030326843262e-01,1.519000000000000000e+03
9.545500278472900391e-01,1.476000000000000000e+03
2.509700059890747070e-01,1.860000000000000000e+02
4.223999977111816406e-01,3.680000000000000000e+02
4.638400077819824219e-01,3.830000000000000000e+02
5.159699916839599609e-01,3.990000000000000000e+02
1.253399997949600220e-01,2.800000000000000000e+01
9.648000001907348633e-01,1.501000000000000000e+03
7.088599801063537598e-01,7.470000000000000000e+02
7.476800084114074707e-01,7.830000000000000000e+02
2.543399930000305176e-01,1.860000000000000000e+02
3.966900110244750977e-01,3.680000000000000000e+02
2.715899944305419922e-01,1.890000000000000000e+02
4.172799885272979736e-01,3.680000000000000000e+02
3.977099955081939697e-01,3.680000000000000000e+02
7.395600080490112305e-01,7.830000000000000000e+02
