4.561200141906738281e-01,2.000000000000000000e+00
2.562200129032135010e-01,0.000000000000000000e+00
6.799499988555908203e-01,1.200000000000000000e+01
4.634099900722503662e-01,2.000000000000000000e+00
1.416900008916854858e-01,0.000000000000000000e+00
1.766500025987625122e-01,0.000000000000000000e+00
8.023099899291992188e-01,3.200000000000000000e+01
1.306500006467103958e-02,0.000000000000000000e+00
6.693999767303466797e-01,1.000000000000000000e+01
5.695700049400329590e-01,4.000000000000000000e+00
8.981599807739257812e-01,4.600000000000000000e+01
7.030200213193893433e-02,0.000000000000000000e+00
6.111099720001220703e-01,8.000000000000000000e+00
9.363300204277038574e-01,5.900000000000000000e+01
8.111299872398376465e-01,3.300000000000000000e+01
4.398699998855590820e-01,1.000000000000000000e+00
7.655799984931945801e-01,2.400000000000000000e+01
8.962900042533874512e-01,4.500000000000000000e+01
6.655899882316589355e-01,9.000000000000000000e+00
1.116399988532066345e-01,0.000000000000000000e+00
