2.592900097370147705e-01,0.000000000000000000e+00
2.672300040721893311e-01,0.000000000000000000e+00
3.879500031471252441e-01,1.000000000000000000e+00
5.928699970245361328e-01,1.200000000000000000e+01
9.234799742698669434e-01,6.600000000000000000e+01
2.085099965333938599e-01,0.000000000000000000e+00
3.938399851322174072e-01,1.000000000000000000e+00
4.020200073719024658e-01,1.000000000000000000e+00
7.483900189399719238e-01,3.100000000000000000e+01
8.026099801063537598e-01,4.200000000000000000e+01
8.659300208091735840e-01,5.100000000000000000e+01
7.783100008964538574e-01,3.800000000000000000e+01
5.575900077819824219e-01,7.000000000000000000e+00
6.500300168991088867e-01,1.600000000000000000e+01
8.208699822425842285e-01,4.400000000000000000e+01
3.978799879550933838e-01,1.000000000000000000e+00
3.421100080013275146e-01,0.000000000000000000e+00
7.970799803733825684e-01,4.000000000000000000e+01
3.852100074291229248e-01,1.000000000000000000e+00
9.584900140762329102e-01,8.400000000000000000e+01
