8.142099976539611816e-01,2.622000000000000000e+03
6.645299792289733887e-01,2.284000000000000000e+03
6.814000010490417480e-01,2.328000000000000000e+03
5.858600139617919922e-01,2.106000000000000000e+03
6.266899704933166504e-01,2.191000000000000000e+03
9.755700230598449707e-01,2.947000000000000000e+03
9.677199721336364746e-01,2.933000000000000000e+03
7.918999791145324707e-01,2.577000000000000000e+03
1.914599984884262085e-01,8.760000000000000000e+02
8.253700137138366699e-01,2.647000000000000000e+03
9.631500244140625000e-01,2.921000000000000000e+03
7.442899942398071289e-01,2.469000000000000000e+03
1.091699972748756409e-01,4.910000000000000000e+02
9.659299850463867188e-01,2.931000000000000000e+03
1.957300007343292236e-01,8.890000000000000000e+02
1.922899931669235229e-01,8.780000000000000000e+02
6.761800050735473633e-01,2.317000000000000000e+03
5.781999826431274414e-01,2.088000000000000000e+03
3.935199975967407227e-01,1.574000000000000000e+03
1.010800004005432129e-01,4.490000000000000000e+02
