8.266299962997436523e-01,2.000000000000000000e+00
7.632200121879577637e-01,0.000000000000000000e+00
2.172500044107437134e-01,0.000000000000000000e+00
7.767800092697143555e-01,1.000000000000000000e+00
3.406399860978126526e-02,0.000000000000000000e+00
1.660699993371963501e-01,0.000000000000000000e+00
8.923599720001220703e-01,3.000000000000000000e+00
4.619700014591217041e-01,0.000000000000000000e+00
9.320799708366394043e-01,4.000000000000000000e+00
5.791400074958801270e-01,0.000000000000000000e+00
3.230699896812438965e-01,0.000000000000000000e+00
1.822800040245056152e-01,0.000000000000000000e+00
4.659999907016754150e-02,0.000000000000000000e+00
1.939900070428848267e-01,0.000000000000000000e+00
1.565399952232837677e-02,0.000000000000000000e+00
6.129800081253051758e-01,0.000000000000000000e+00
7.372300028800964355e-01,0.000000000000000000e+00
2.546899914741516113e-01,0.000000000000000000e+00
3.200100064277648926e-01,0.000000000000000000e+00
2.031899988651275635e-01,0.000000000000000000e+00
