9.855200052261352539e-01,3.870000000000000000e+02
9.476699829101562500e-01,3.550000000000000000e+02
3.767400085926055908e-01,5.000000000000000000e+00
9.656100273132324219e-01,3.720000000000000000e+02
8.316400051116943359e-01,2.420000000000000000e+02
8.205299973487854004e-01,2.340000000000000000e+02
4.893000125885009766e-01,2.400000000000000000e+01
2.559199929237365723e-01,0.000000000000000000e+00
3.794299960136413574e-01,5.000000000000000000e+00
5.345399975776672363e-01,3.900000000000000000e+01
3.742200136184692383e-01,5.000000000000000000e+00
1.256199926137924194e-01,0.000000000000000000e+00
2.205500006675720215e-01,0.000000000000000000e+00
9.064700007438659668e-01,2.990000000000000000e+02
1.168899983167648315e-01,0.000000000000000000e+00
3.219699859619140625e-01,3.000000000000000000e+00
6.492400169372558594e-01,9.400000000000000000e+01
7.683399915695190430e-01,1.840000000000000000e+02
3.167900145053863525e-01,3.000000000000000000e+00
6.071299910545349121e-01,7.300000000000000000e+01
