5.255400016903877258e-02,0.000000000000000000e+00
1.445599943399429321e-01,0.000000000000000000e+00
1.049100011587142944e-01,0.000000000000000000e+00
7.416800260543823242e-01,8.700000000000000000e+01
8.362100124359130859e-01,1.150000000000000000e+02
8.394799828529357910e-01,1.190000000000000000e+02
3.341200053691864014e-01,0.000000000000000000e+00
9.383000135421752930e-01,1.950000000000000000e+02
2.755599915981292725e-01,0.000000000000000000e+00
3.459399938583374023e-01,2.000000000000000000e+00
2.854300141334533691e-01,0.000000000000000000e+00
3.534399867057800293e-01,2.000000000000000000e+00
2.760400064289569855e-02,0.000000000000000000e+00
1.834599971771240234e-01,0.000000000000000000e+00
3.785400092601776123e-01,2.000000000000000000e+00
5.231999754905700684e-01,1.600000000000000000e+01
2.692100107669830322e-01,0.000000000000000000e+00
4.491100013256072998e-01,6.000000000000000000e+00
5.285999774932861328e-01,1.700000000000000000e+01
3.813999891281127930e-01,2.000000000000000000e+00
