5.413699746131896973e-01,2.200000000000000000e+01
2.611899971961975098e-01,0.000000000000000000e+00
8.689299821853637695e-01,1.470000000000000000e+02
4.731099903583526611e-01,1.400000000000000000e+01
9.589099884033203125e-01,2.160000000000000000e+02
7.833099961280822754e-01,1.030000000000000000e+02
7.268099784851074219e-01,7.800000000000000000e+01
4.606400132179260254e-01,1.300000000000000000e+01
1.640899926424026489e-01,0.000000000000000000e+00
2.174099981784820557e-01,0.000000000000000000e+00
8.766400218009948730e-01,1.500000000000000000e+02
7.333700060844421387e-01,8.200000000000000000e+01
9.044100046157836914e-01,1.680000000000000000e+02
9.423699975013732910e-01,1.970000000000000000e+02
2.482499927282333374e-01,0.000000000000000000e+00
3.278799951076507568e-01,1.000000000000000000e+00
9.231100082397460938e-01,1.840000000000000000e+02
6.241300106048583984e-01,3.700000000000000000e+01
2.984899878501892090e-01,1.000000000000000000e+00
3.628199920058250427e-02,0.000000000000000000e+00
