8.623399734497070312e-01,2.300000000000000000e+01
3.976300060749053955e-01,0.000000000000000000e+00
8.936200141906738281e-01,2.500000000000000000e+01
8.615700006484985352e-01,2.300000000000000000e+01
5.842999815940856934e-01,2.000000000000000000e+00
2.866699993610382080e-01,0.000000000000000000e+00
4.614300131797790527e-01,2.000000000000000000e+00
6.433299779891967773e-01,2.000000000000000000e+00
2.546100020408630371e-01,0.000000000000000000e+00
3.635100126266479492e-01,0.000000000000000000e+00
3.459799885749816895e-01,0.000000000000000000e+00
9.644200205802917480e-01,3.500000000000000000e+01
5.657399892807006836e-01,2.000000000000000000e+00
9.351800084114074707e-01,3.200000000000000000e+01
9.619600176811218262e-01,3.500000000000000000e+01
6.581699848175048828e-01,2.000000000000000000e+00
1.679899990558624268e-01,0.000000000000000000e+00
4.840599894523620605e-01,2.000000000000000000e+00
5.710499882698059082e-01,2.000000000000000000e+00
2.497700005769729614e-01,0.000000000000000000e+00
