9.969099760055541992e-01,1.858000000000000000e+03
3.120099902153015137e-01,3.440000000000000000e+02
4.998399913311004639e-01,6.140000000000000000e+02
7.724199891090393066e-01,1.069000000000000000e+03
6.429200172424316406e-01,9.970000000000000000e+02
5.997800230979919434e-01,9.970000000000000000e+02
6.769099831581115723e-01,1.003000000000000000e+03
9.586700201034545898e-01,1.777000000000000000e+03
8.063899874687194824e-01,1.089000000000000000e+03
8.501399755477905273e-01,1.108000000000000000e+03
6.913300156593322754e-01,1.003000000000000000e+03
4.549700021743774414e-01,6.110000000000000000e+02
4.787000119686126709e-01,6.110000000000000000e+02
4.283800125122070312e-01,5.860000000000000000e+02
7.706599831581115723e-01,1.069000000000000000e+03
6.969399750232696533e-02,1.300000000000000000e+01
4.970999956130981445e-01,6.140000000000000000e+02
9.031100273132324219e-01,1.444000000000000000e+03
5.829399824142456055e-01,9.970000000000000000e+02
3.073300123214721680e-01,3.430000000000000000e+02
