4.729900062084197998e-01,1.525000000000000000e+03
6.887400150299072266e-01,2.113000000000000000e+03
8.375899791717529297e-01,2.472000000000000000e+03
1.805399954319000244e-01,3.070000000000000000e+02
7.681300044059753418e-01,2.306000000000000000e+03
2.068800032138824463e-01,4.410000000000000000e+02
7.422599792480468750e-01,2.246000000000000000e+03
1.448300033807754517e-01,1.320000000000000000e+02
7.517099976539611816e-01,2.265000000000000000e+03
9.694399833679199219e-01,2.755000000000000000e+03
2.486300021409988403e-01,6.320000000000000000e+02
8.759199976921081543e-01,2.557000000000000000e+03
1.911700069904327393e-01,3.610000000000000000e+02
3.895600140094757080e-01,1.215000000000000000e+03
6.239299774169921875e-01,1.960000000000000000e+03
5.725099891424179077e-02,0.000000000000000000e+00
6.190800070762634277e-01,1.949000000000000000e+03
5.939700007438659668e-01,1.879000000000000000e+03
7.184000015258789062e-01,2.198000000000000000e+03
1.375900059938430786e-01,1.090000000000000000e+02
