5.461300015449523926e-01,5.600000000000000000e+01
9.540100097656250000e-01,3.160000000000000000e+02
8.921300172805786133e-01,3.100000000000000000e+02
6.587199866771697998e-02,0.000000000000000000e+00
9.465500116348266602e-01,3.150000000000000000e+02
9.174100160598754883e-01,3.100000000000000000e+02
4.229600131511688232e-01,1.300000000000000000e+01
3.283700048923492432e-01,3.000000000000000000e+00
9.107000231742858887e-01,3.100000000000000000e+02
2.695100009441375732e-01,3.000000000000000000e+00
4.116399884223937988e-01,1.300000000000000000e+01
3.997899889945983887e-01,1.300000000000000000e+01
8.308299779891967773e-01,6.600000000000000000e+01
4.301599860191345215e-01,1.300000000000000000e+01
9.510800242424011230e-01,3.160000000000000000e+02
7.480099797248840332e-02,0.000000000000000000e+00
8.925300240516662598e-01,3.100000000000000000e+02
5.082700252532958984e-01,1.700000000000000000e+01
8.778600096702575684e-01,3.100000000000000000e+02
5.172900110483169556e-02,0.000000000000000000e+00
