4.929099977016448975e-01,6.000000000000000000e+00
4.056000113487243652e-01,0.000000000000000000e+00
9.484800100326538086e-01,1.460000000000000000e+02
2.089600078761577606e-02,0.000000000000000000e+00
8.465700149536132812e-01,1.000000000000000000e+02
6.257699728012084961e-01,2.300000000000000000e+01
4.975099861621856689e-01,6.000000000000000000e+00
1.252799928188323975e-01,0.000000000000000000e+00
3.810999989509582520e-01,0.000000000000000000e+00
5.602800250053405762e-01,1.000000000000000000e+01
9.114400148391723633e-01,1.270000000000000000e+02
8.331300020217895508e-01,9.500000000000000000e+01
9.661599993705749512e-01,1.570000000000000000e+02
1.875299960374832153e-01,0.000000000000000000e+00
7.614099979400634766e-01,6.400000000000000000e+01
4.666900038719177246e-01,3.000000000000000000e+00
2.933999896049499512e-01,0.000000000000000000e+00
9.243900179862976074e-01,1.360000000000000000e+02
6.445099711418151855e-01,2.800000000000000000e+01
8.951100111007690430e-01,1.190000000000000000e+02
