5.001299977302551270e-01,1.990000000000000000e+02
5.755699872970581055e-01,2.260000000000000000e+02
3.636200129985809326e-01,5.600000000000000000e+01
6.059100031852722168e-01,2.310000000000000000e+02
4.745199978351593018e-01,1.970000000000000000e+02
7.688800096511840820e-01,6.270000000000000000e+02
5.938000082969665527e-01,2.260000000000000000e+02
8.660299777984619141e-01,6.630000000000000000e+02
9.646400213241577148e-01,7.180000000000000000e+02
9.623399972915649414e-01,7.180000000000000000e+02
1.588000059127807617e-01,0.000000000000000000e+00
3.204900026321411133e-01,5.300000000000000000e+01
5.446900129318237305e-01,1.990000000000000000e+02
4.838599860668182373e-01,1.970000000000000000e+02
7.782499790191650391e-01,6.270000000000000000e+02
6.746699810028076172e-01,3.770000000000000000e+02
4.720900058746337891e-01,1.970000000000000000e+02
7.420799732208251953e-01,6.240000000000000000e+02
4.027599990367889404e-01,5.700000000000000000e+01
4.233599901199340820e-01,1.050000000000000000e+02
