3.332599997520446777e-01,6.600000000000000000e+01
6.770799756050109863e-01,1.890000000000000000e+02
6.179599761962890625e-01,1.860000000000000000e+02
2.175399959087371826e-01,1.000000000000000000e+00
3.596099913120269775e-01,6.700000000000000000e+01
8.340100049972534180e-01,5.980000000000000000e+02
3.237299919128417969e-01,2.400000000000000000e+01
9.345300197601318359e-01,6.390000000000000000e+02
7.416200041770935059e-01,2.160000000000000000e+02
6.376499682664871216e-02,0.000000000000000000e+00
7.199699878692626953e-01,2.160000000000000000e+02
6.478099822998046875e-01,1.860000000000000000e+02
1.467700004577636719e-01,1.000000000000000000e+00
1.050700023770332336e-01,0.000000000000000000e+00
4.806599915027618408e-01,8.700000000000000000e+01
5.322399735450744629e-01,1.840000000000000000e+02
6.678299903869628906e-01,1.870000000000000000e+02
4.198300093412399292e-02,0.000000000000000000e+00
2.771799862384796143e-01,1.100000000000000000e+01
6.595399975776672363e-01,1.860000000000000000e+02
