2.948299944400787354e-01,0.000000000000000000e+00
1.017500013113021851e-01,0.000000000000000000e+00
4.913800060749053955e-01,0.000000000000000000e+00
9.422000050544738770e-01,2.000000000000000000e+00
3.076399862766265869e-01,0.000000000000000000e+00
3.801699876785278320e-01,0.000000000000000000e+00
5.650200247764587402e-01,0.000000000000000000e+00
4.069199860095977783e-01,0.000000000000000000e+00
6.349700093269348145e-01,0.000000000000000000e+00
2.516300082206726074e-01,0.000000000000000000e+00
5.257300138473510742e-01,0.000000000000000000e+00
8.778200149536132812e-01,2.000000000000000000e+00
1.532199978828430176e-01,0.000000000000000000e+00
6.639900207519531250e-01,0.000000000000000000e+00
2.521800100803375244e-01,0.000000000000000000e+00
4.495199918746948242e-01,0.000000000000000000e+00
2.363499999046325684e-01,0.000000000000000000e+00
2.750200033187866211e-01,0.000000000000000000e+00
6.590300202369689941e-01,0.000000000000000000e+00
5.562400221824645996e-01,0.000000000000000000e+00
