7.645099759101867676e-01,5.000000000000000000e+00
1.791500002145767212e-01,0.000000000000000000e+00
7.018300294876098633e-01,1.000000000000000000e+00
1.976200044155120850e-01,0.000000000000000000e+00
3.663400113582611084e-01,0.000000000000000000e+00
4.109799861907958984e-01,0.000000000000000000e+00
6.881899833679199219e-01,1.000000000000000000e+00
6.712800264358520508e-01,1.000000000000000000e+00
4.924800097942352295e-01,0.000000000000000000e+00
4.054099917411804199e-01,0.000000000000000000e+00
9.382200241088867188e-01,1.500000000000000000e+01
9.198799729347229004e-01,1.400000000000000000e+01
4.558199942111968994e-01,0.000000000000000000e+00
9.538699984550476074e-01,1.600000000000000000e+01
1.701900064945220947e-01,0.000000000000000000e+00
7.399899959564208984e-01,1.000000000000000000e+00
3.492600023746490479e-01,0.000000000000000000e+00
5.916000157594680786e-02,0.000000000000000000e+00
5.248200297355651855e-01,0.000000000000000000e+00
9.821299910545349121e-01,1.700000000000000000e+01
