3.301799893379211426e-01,0.000000000000000000e+00
6.042699813842773438e-01,0.000000000000000000e+00
3.549799919128417969e-01,0.000000000000000000e+00
9.121000170707702637e-01,0.000000000000000000e+00
6.311299800872802734e-01,0.000000000000000000e+00
7.166100144386291504e-01,0.000000000000000000e+00
4.535499960184097290e-02,0.000000000000000000e+00
8.447099924087524414e-01,0.000000000000000000e+00
3.688400089740753174e-01,0.000000000000000000e+00
3.869499862194061279e-01,0.000000000000000000e+00
5.350999832153320312e-01,0.000000000000000000e+00
2.827999889850616455e-01,0.000000000000000000e+00
1.035099998116493225e-01,0.000000000000000000e+00
2.893500030040740967e-01,0.000000000000000000e+00
7.551400065422058105e-01,0.000000000000000000e+00
7.577800005674362183e-02,0.000000000000000000e+00
2.714799940586090088e-01,0.000000000000000000e+00
7.164899706840515137e-01,0.000000000000000000e+00
2.288099937140941620e-02,0.000000000000000000e+00
7.292000204324722290e-02,0.000000000000000000e+00
