9.513099789619445801e-01,6.000000000000000000e+02
5.564699769020080566e-01,1.280000000000000000e+02
9.797000288963317871e-01,6.460000000000000000e+02
6.378699839115142822e-02,0.000000000000000000e+00
2.075899988412857056e-01,1.000000000000000000e+00
8.517699837684631348e-01,4.420000000000000000e+02
1.811099946498870850e-01,0.000000000000000000e+00
1.821600049734115601e-01,0.000000000000000000e+00
8.293099999427795410e-01,4.210000000000000000e+02
5.475599765777587891e-01,1.200000000000000000e+02
7.799600064754486084e-02,0.000000000000000000e+00
1.688899993896484375e-01,0.000000000000000000e+00
4.981000125408172607e-01,8.400000000000000000e+01
2.855300009250640869e-01,8.000000000000000000e+00
6.256300210952758789e-01,1.970000000000000000e+02
6.737800240516662598e-01,2.510000000000000000e+02
9.692599773406982422e-01,6.310000000000000000e+02
2.476799935102462769e-01,4.000000000000000000e+00
4.104399979114532471e-01,4.500000000000000000e+01
5.719799995422363281e-01,1.470000000000000000e+02
