1.238000020384788513e-02,0.000000000000000000e+00
3.604800105094909668e-01,0.000000000000000000e+00
3.862800002098083496e-01,0.000000000000000000e+00
4.277999997138977051e-01,0.000000000000000000e+00
3.212800025939941406e-01,0.000000000000000000e+00
1.436699926853179932e-01,0.000000000000000000e+00
5.852299928665161133e-01,0.000000000000000000e+00
4.248099923133850098e-01,0.000000000000000000e+00
1.726900041103363037e-01,0.000000000000000000e+00
9.960799813270568848e-01,4.500000000000000000e+01
6.500599980354309082e-01,2.000000000000000000e+00
3.157399892807006836e-01,0.000000000000000000e+00
6.132599711418151855e-01,1.000000000000000000e+00
1.300799995660781860e-01,0.000000000000000000e+00
8.010100126266479492e-01,1.500000000000000000e+01
9.289699792861938477e-01,3.400000000000000000e+01
6.711799651384353638e-02,0.000000000000000000e+00
6.890299916267395020e-01,3.000000000000000000e+00
1.131799966096878052e-01,0.000000000000000000e+00
3.174799978733062744e-01,0.000000000000000000e+00
