2.590900063514709473e-01,3.600000000000000000e+01
1.290699988603591919e-01,0.000000000000000000e+00
1.489499956369400024e-01,3.000000000000000000e+00
5.377500057220458984e-01,2.660000000000000000e+02
9.116500020027160645e-01,7.790000000000000000e+02
8.130200207233428955e-02,0.000000000000000000e+00
5.044400095939636230e-01,9.700000000000000000e+01
3.425599932670593262e-01,3.700000000000000000e+01
6.968899965286254883e-01,2.740000000000000000e+02
3.220899999141693115e-01,3.600000000000000000e+01
5.450800061225891113e-01,2.660000000000000000e+02
2.603099942207336426e-01,3.600000000000000000e+01
5.608400106430053711e-01,2.740000000000000000e+02
2.006800025701522827e-01,1.000000000000000000e+01
4.239299893379211426e-01,9.700000000000000000e+01
1.183200031518936157e-01,0.000000000000000000e+00
9.077299833297729492e-01,7.790000000000000000e+02
3.763799965381622314e-01,9.700000000000000000e+01
5.679799914360046387e-01,2.740000000000000000e+02
6.137300133705139160e-01,2.740000000000000000e+02
