2.750700116157531738e-01,3.050000000000000000e+02
3.465200066566467285e-01,5.270000000000000000e+02
8.566399812698364258e-01,1.552000000000000000e+03
4.454599916934967041e-01,5.760000000000000000e+02
9.348000288009643555e-01,1.712000000000000000e+03
1.377899944782257080e-01,5.400000000000000000e+01
5.397800207138061523e-01,9.190000000000000000e+02
8.366100192070007324e-01,1.482000000000000000e+03
5.501499772071838379e-01,9.520000000000000000e+02
9.826899766921997070e-01,1.782000000000000000e+03
4.021300077438354492e-01,5.490000000000000000e+02
6.562600135803222656e-01,9.730000000000000000e+02
9.225599765777587891e-01,1.708000000000000000e+03
3.639799952507019043e-01,5.470000000000000000e+02
8.597999811172485352e-01,1.554000000000000000e+03
5.613600015640258789e-01,9.630000000000000000e+02
6.467499732971191406e-01,9.680000000000000000e+02
2.266400009393692017e-01,1.810000000000000000e+02
5.134400129318237305e-01,8.830000000000000000e+02
6.075599789619445801e-01,9.650000000000000000e+02
