7.724700123071670532e-02,2.790000000000000000e+02
2.179799973964691162e-01,9.110000000000000000e+02
2.044800072908401489e-01,8.680000000000000000e+02
3.159900009632110596e-01,1.277000000000000000e+03
6.724100112915039062e-01,2.285000000000000000e+03
3.467400074005126953e-01,1.390000000000000000e+03
6.259700059890747070e-01,2.158000000000000000e+03
1.649399995803833008e-01,7.210000000000000000e+02
1.755699962377548218e-01,7.660000000000000000e+02
6.650599837303161621e-01,2.266000000000000000e+03
7.614899873733520508e-01,2.468000000000000000e+03
3.883799910545349121e-01,1.505000000000000000e+03
2.471300065517425537e-01,1.032000000000000000e+03
2.998700141906738281e-01,1.224000000000000000e+03
5.443999767303466797e-01,1.964000000000000000e+03
3.764199912548065186e-01,1.475000000000000000e+03
4.242300093173980713e-01,1.611000000000000000e+03
7.712799906730651855e-01,2.486000000000000000e+03
5.722200274467468262e-01,2.024000000000000000e+03
7.578399777412414551e-01,2.457000000000000000e+03
