9.637399911880493164e-01,1.187000000000000000e+03
1.142000034451484680e-01,9.000000000000000000e+00
6.424900293350219727e-01,4.850000000000000000e+02
6.859200000762939453e-01,4.870000000000000000e+02
1.727599948644638062e-01,2.000000000000000000e+01
9.344300031661987305e-01,1.166000000000000000e+03
9.096800088882446289e-01,1.075000000000000000e+03
4.064500033855438232e-01,2.070000000000000000e+02
8.508599996566772461e-01,8.210000000000000000e+02
3.777799904346466064e-01,2.070000000000000000e+02
3.523199856281280518e-01,2.010000000000000000e+02
8.319699764251708984e-01,5.910000000000000000e+02
3.807800114154815674e-01,2.070000000000000000e+02
7.990099787712097168e-01,5.760000000000000000e+02
6.607699990272521973e-01,4.860000000000000000e+02
8.312100172042846680e-01,5.910000000000000000e+02
7.741400003433227539e-01,5.200000000000000000e+02
8.431400060653686523e-01,6.620000000000000000e+02
7.783100008964538574e-01,5.260000000000000000e+02
7.860299944877624512e-01,5.750000000000000000e+02
