9.219899773597717285e-01,2.058000000000000000e+03
5.326300263404846191e-01,1.242000000000000000e+03
8.332200050354003906e-01,1.743000000000000000e+03
1.407199949026107788e-01,2.550000000000000000e+02
7.626199722290039062e-01,1.680000000000000000e+03
1.465100049972534180e-01,3.240000000000000000e+02
1.705300062894821167e-01,3.460000000000000000e+02
7.779899835586547852e-01,1.685000000000000000e+03
9.442900121212005615e-02,1.720000000000000000e+02
5.694199800491333008e-01,1.479000000000000000e+03
7.986699938774108887e-01,1.730000000000000000e+03
4.622600078582763672e-01,1.060000000000000000e+03
5.504099726676940918e-01,1.374000000000000000e+03
2.521800100803375244e-01,6.310000000000000000e+02
7.728199660778045654e-02,9.900000000000000000e+01
7.993500232696533203e-01,1.732000000000000000e+03
3.049800097942352295e-01,6.780000000000000000e+02
7.093399763107299805e-01,1.569000000000000000e+03
9.188100099563598633e-01,2.057000000000000000e+03
3.295800089836120605e-01,7.130000000000000000e+02
