1.629499942064285278e-01,0.000000000000000000e+00
7.155799865722656250e-01,2.200000000000000000e+01
4.586400091648101807e-01,1.000000000000000000e+00
7.577700018882751465e-01,2.800000000000000000e+01
5.036100149154663086e-01,1.000000000000000000e+00
7.484899759292602539e-01,2.600000000000000000e+01
1.317999958992004395e-01,0.000000000000000000e+00
6.532800197601318359e-01,1.200000000000000000e+01
8.976399898529052734e-01,4.900000000000000000e+01
3.218599855899810791e-01,0.000000000000000000e+00
7.047500014305114746e-01,1.900000000000000000e+01
9.253900051116943359e-01,5.800000000000000000e+01
6.062800064682960510e-02,0.000000000000000000e+00
3.041999936103820801e-01,0.000000000000000000e+00
9.476400017738342285e-01,6.700000000000000000e+01
8.723800182342529297e-01,4.700000000000000000e+01
4.432500004768371582e-01,0.000000000000000000e+00
5.628200173377990723e-01,3.000000000000000000e+00
6.683199852705001831e-02,0.000000000000000000e+00
7.745400071144104004e-01,3.000000000000000000e+01
