3.358800113201141357e-01,4.000000000000000000e+00
2.813999950885772705e-01,1.000000000000000000e+00
1.086599975824356079e-01,0.000000000000000000e+00
6.780999898910522461e-01,3.180000000000000000e+02
8.237299919128417969e-01,6.280000000000000000e+02
7.581200003623962402e-01,4.590000000000000000e+02
8.980200290679931641e-01,8.250000000000000000e+02
6.495599746704101562e-01,2.650000000000000000e+02
2.207600027322769165e-01,0.000000000000000000e+00
2.612900137901306152e-01,0.000000000000000000e+00
5.058500170707702637e-01,6.600000000000000000e+01
6.514400243759155273e-01,2.680000000000000000e+02
2.528499960899353027e-01,0.000000000000000000e+00
4.612300097942352295e-01,4.300000000000000000e+01
6.948800086975097656e-01,3.440000000000000000e+02
4.799000024795532227e-01,5.500000000000000000e+01
6.360399723052978516e-01,2.420000000000000000e+02
1.742500066757202148e-01,0.000000000000000000e+00
7.971299886703491211e-01,5.560000000000000000e+02
7.853800058364868164e-01,5.150000000000000000e+02
