6.355999708175659180e-01,2.012000000000000000e+03
2.848500013351440430e-01,9.580000000000000000e+02
7.496799826622009277e-01,2.266000000000000000e+03
6.978499889373779297e-01,2.142000000000000000e+03
6.362000107765197754e-01,2.012000000000000000e+03
2.940500080585479736e-01,9.840000000000000000e+02
8.137500286102294922e-01,2.411000000000000000e+03
4.675399959087371826e-01,1.532000000000000000e+03
2.793500125408172607e-01,9.430000000000000000e+02
2.189200073480606079e-01,7.270000000000000000e+02
2.352299988269805908e-01,7.920000000000000000e+02
5.391100049018859863e-01,1.764000000000000000e+03
5.399500131607055664e-01,1.764000000000000000e+03
8.176699876785278320e-01,2.416000000000000000e+03
5.954499840736389160e-01,1.919000000000000000e+03
2.523300051689147949e-01,8.630000000000000000e+02
2.624000012874603271e-01,8.930000000000000000e+02
5.054400116205215454e-02,6.300000000000000000e+01
9.905499815940856934e-01,2.787000000000000000e+03
4.156999886035919189e-01,1.382000000000000000e+03
