1.516299992799758911e-01,2.000000000000000000e+00
5.366899967193603516e-01,3.230000000000000000e+02
3.752599954605102539e-01,1.130000000000000000e+02
9.677900075912475586e-01,8.560000000000000000e+02
8.380600214004516602e-01,3.750000000000000000e+02
7.314599752426147461e-01,3.450000000000000000e+02
4.337199926376342773e-01,1.130000000000000000e+02
8.262100219726562500e-01,3.460000000000000000e+02
4.292899966239929199e-01,1.130000000000000000e+02
4.997200071811676025e-01,1.140000000000000000e+02
2.580499947071075439e-01,4.800000000000000000e+01
3.344399929046630859e-01,4.800000000000000000e+01
7.909200191497802734e-01,3.450000000000000000e+02
2.625199854373931885e-01,4.800000000000000000e+01
6.466199755668640137e-01,3.330000000000000000e+02
2.490399926900863647e-01,1.800000000000000000e+01
6.173300147056579590e-01,3.330000000000000000e+02
8.244299888610839844e-01,3.460000000000000000e+02
4.562700092792510986e-01,1.140000000000000000e+02
2.675699889659881592e-01,4.800000000000000000e+01
