5.563499927520751953e-01,3.400000000000000000e+01
4.006800055503845215e-01,8.000000000000000000e+00
6.699399948120117188e-01,9.500000000000000000e+01
8.335700035095214844e-01,2.070000000000000000e+02
5.989199876785278320e-01,5.300000000000000000e+01
8.032699674367904663e-02,0.000000000000000000e+00
2.585599943995475769e-02,0.000000000000000000e+00
5.537300109863281250e-01,3.400000000000000000e+01
8.570100069046020508e-01,2.250000000000000000e+02
4.848299920558929443e-01,1.700000000000000000e+01
7.106299698352813721e-02,0.000000000000000000e+00
9.458900094032287598e-01,3.250000000000000000e+02
9.510899782180786133e-01,3.330000000000000000e+02
1.986300051212310791e-01,0.000000000000000000e+00
7.893700152635574341e-02,0.000000000000000000e+00
2.912600040435791016e-01,0.000000000000000000e+00
6.880699992179870605e-01,1.050000000000000000e+02
7.237799763679504395e-01,1.320000000000000000e+02
5.450999736785888672e-01,3.300000000000000000e+01
2.894699871540069580e-01,0.000000000000000000e+00
