3.284899890422821045e-01,0.000000000000000000e+00
5.362899899482727051e-01,0.000000000000000000e+00
5.091800093650817871e-01,0.000000000000000000e+00
1.625500023365020752e-01,0.000000000000000000e+00
8.908699750900268555e-01,6.000000000000000000e+00
6.947600245475769043e-01,2.000000000000000000e+00
5.304200053215026855e-01,0.000000000000000000e+00
6.773200035095214844e-01,2.000000000000000000e+00
5.637699961662292480e-01,0.000000000000000000e+00
3.689900040626525879e-01,0.000000000000000000e+00
2.919400036334991455e-01,0.000000000000000000e+00
8.328599929809570312e-01,6.000000000000000000e+00
5.302199721336364746e-01,0.000000000000000000e+00
1.692299991846084595e-01,0.000000000000000000e+00
3.322199881076812744e-01,0.000000000000000000e+00
4.519099891185760498e-01,0.000000000000000000e+00
9.452499747276306152e-01,6.000000000000000000e+00
3.645400106906890869e-01,0.000000000000000000e+00
7.107499837875366211e-01,2.000000000000000000e+00
7.740899920463562012e-01,4.000000000000000000e+00
