3.584499955177307129e-01,0.000000000000000000e+00
1.333699971437454224e-01,0.000000000000000000e+00
1.513800024986267090e-01,0.000000000000000000e+00
1.566700041294097900e-01,0.000000000000000000e+00
7.592800259590148926e-01,1.000000000000000000e+00
1.099399998784065247e-01,0.000000000000000000e+00
4.889099895954132080e-01,0.000000000000000000e+00
9.217100143432617188e-01,2.000000000000000000e+00
1.142400037497282028e-02,0.000000000000000000e+00
6.229900121688842773e-01,0.000000000000000000e+00
9.582800269126892090e-01,2.000000000000000000e+00
6.873399950563907623e-03,0.000000000000000000e+00
2.272299975156784058e-01,0.000000000000000000e+00
7.869799733161926270e-01,1.000000000000000000e+00
5.538399890065193176e-02,0.000000000000000000e+00
5.289300084114074707e-01,0.000000000000000000e+00
6.409100294113159180e-01,0.000000000000000000e+00
6.009299755096435547e-01,0.000000000000000000e+00
2.525799870491027832e-01,0.000000000000000000e+00
6.007400155067443848e-01,0.000000000000000000e+00
