5.911499857902526855e-01,5.600000000000000000e+01
4.836700111627578735e-02,0.000000000000000000e+00
5.334299802780151367e-01,3.500000000000000000e+01
1.621599942445755005e-01,0.000000000000000000e+00
2.296600043773651123e-01,0.000000000000000000e+00
7.917799949645996094e-01,1.480000000000000000e+02
2.955200076103210449e-01,0.000000000000000000e+00
9.097899794578552246e-01,2.310000000000000000e+02
1.663600057363510132e-01,0.000000000000000000e+00
9.835000038146972656e-01,2.870000000000000000e+02
9.638699889183044434e-01,2.710000000000000000e+02
4.235099852085113525e-01,1.500000000000000000e+01
9.245399832725524902e-01,2.410000000000000000e+02
4.399200081825256348e-01,1.600000000000000000e+01
1.318400055170059204e-01,0.000000000000000000e+00
5.016399919986724854e-02,0.000000000000000000e+00
8.208900094032287598e-01,1.710000000000000000e+02
3.822200000286102295e-01,5.000000000000000000e+00
8.238899707794189453e-01,1.730000000000000000e+02
5.293300151824951172e-01,3.500000000000000000e+01
