6.266999840736389160e-01,0.000000000000000000e+00
2.722699940204620361e-01,0.000000000000000000e+00
7.812500000000000000e-01,1.000000000000000000e+00
4.953999817371368408e-02,0.000000000000000000e+00
4.703699946403503418e-01,0.000000000000000000e+00
6.275299787521362305e-01,0.000000000000000000e+00
5.569999814033508301e-01,0.000000000000000000e+00
5.531200170516967773e-01,0.000000000000000000e+00
7.556200027465820312e-02,0.000000000000000000e+00
5.389599800109863281e-01,0.000000000000000000e+00
1.697500050067901611e-01,0.000000000000000000e+00
1.363800019025802612e-01,0.000000000000000000e+00
6.789299845695495605e-01,0.000000000000000000e+00
6.118900179862976074e-01,0.000000000000000000e+00
6.605499982833862305e-02,0.000000000000000000e+00
9.253499656915664673e-02,0.000000000000000000e+00
4.519299864768981934e-01,0.000000000000000000e+00
1.857199966907501221e-01,0.000000000000000000e+00
3.628399968147277832e-01,0.000000000000000000e+00
7.302799820899963379e-01,0.000000000000000000e+00
