9.800099730491638184e-01,5.870000000000000000e+02
4.826100170612335205e-02,0.000000000000000000e+00
1.700700074434280396e-01,0.000000000000000000e+00
6.661900281906127930e-01,1.810000000000000000e+02
4.753600060939788818e-01,4.900000000000000000e+01
2.193599939346313477e-01,1.000000000000000000e+00
7.130200266838073730e-01,2.240000000000000000e+02
9.760299921035766602e-01,5.820000000000000000e+02
4.591400027275085449e-01,4.000000000000000000e+01
6.918100118637084961e-01,2.080000000000000000e+02
7.821199893951416016e-01,3.070000000000000000e+02
4.544700086116790771e-01,3.900000000000000000e+01
7.416500151157379150e-02,0.000000000000000000e+00
5.809500217437744141e-01,1.170000000000000000e+02
2.384299933910369873e-01,3.000000000000000000e+00
1.471100002527236938e-01,0.000000000000000000e+00
7.676799893379211426e-01,2.900000000000000000e+02
8.732200264930725098e-01,4.350000000000000000e+02
1.216700002551078796e-01,0.000000000000000000e+00
2.356300055980682373e-01,2.000000000000000000e+00
