6.863099932670593262e-01,2.000000000000000000e+00
6.341000199317932129e-01,1.000000000000000000e+00
3.859600126743316650e-01,0.000000000000000000e+00
8.641999959945678711e-01,1.300000000000000000e+01
7.325299978256225586e-01,3.000000000000000000e+00
5.748599767684936523e-01,0.000000000000000000e+00
8.602800220251083374e-02,0.000000000000000000e+00
6.225100159645080566e-01,1.000000000000000000e+00
9.913899898529052734e-01,1.700000000000000000e+01
2.727000117301940918e-01,0.000000000000000000e+00
7.857499718666076660e-01,1.100000000000000000e+01
1.486800014972686768e-01,0.000000000000000000e+00
4.146499931812286377e-01,0.000000000000000000e+00
1.314599961042404175e-01,0.000000000000000000e+00
6.079800128936767578e-01,0.000000000000000000e+00
8.291699886322021484e-01,1.300000000000000000e+01
1.407099962234497070e-01,0.000000000000000000e+00
5.282099843025207520e-01,0.000000000000000000e+00
6.959699988365173340e-01,3.000000000000000000e+00
7.783399820327758789e-01,1.100000000000000000e+01
