9.757099747657775879e-01,3.000000000000000000e+01
2.328799962997436523e-01,0.000000000000000000e+00
1.763500086963176727e-02,0.000000000000000000e+00
4.906600117683410645e-01,0.000000000000000000e+00
5.498199909925460815e-02,0.000000000000000000e+00
7.283300161361694336e-01,1.000000000000000000e+00
6.350200176239013672e-01,1.000000000000000000e+00
5.706099867820739746e-01,0.000000000000000000e+00
8.372600078582763672e-01,8.000000000000000000e+00
6.820899844169616699e-01,1.000000000000000000e+00
3.596000075340270996e-01,0.000000000000000000e+00
5.799199938774108887e-01,0.000000000000000000e+00
5.827900171279907227e-01,0.000000000000000000e+00
8.626300096511840820e-01,1.300000000000000000e+01
8.304100036621093750e-01,8.000000000000000000e+00
5.579299926757812500e-01,0.000000000000000000e+00
9.379100203514099121e-01,2.200000000000000000e+01
6.235399842262268066e-01,1.000000000000000000e+00
7.154899835586547852e-01,1.000000000000000000e+00
6.657199859619140625e-01,1.000000000000000000e+00
