7.628300189971923828e-01,2.000000000000000000e+00
2.041299939155578613e-01,0.000000000000000000e+00
2.407300025224685669e-01,0.000000000000000000e+00
2.109300047159194946e-01,0.000000000000000000e+00
7.560499906539916992e-01,2.000000000000000000e+00
6.112899780273437500e-01,1.000000000000000000e+00
1.305799931287765503e-01,0.000000000000000000e+00
7.338799834251403809e-01,2.000000000000000000e+00
6.229000091552734375e-01,1.000000000000000000e+00
3.781500086188316345e-02,0.000000000000000000e+00
7.348899841308593750e-01,2.000000000000000000e+00
7.468900084495544434e-01,2.000000000000000000e+00
7.504500150680541992e-01,2.000000000000000000e+00
4.720000028610229492e-01,0.000000000000000000e+00
8.828499913215637207e-01,1.200000000000000000e+01
1.414099931716918945e-01,0.000000000000000000e+00
8.036199808120727539e-01,6.000000000000000000e+00
6.117699742317199707e-01,1.000000000000000000e+00
2.591699957847595215e-01,0.000000000000000000e+00
8.845900297164916992e-01,1.300000000000000000e+01
