5.347399711608886719e-01,3.000000000000000000e+00
1.816699951887130737e-01,0.000000000000000000e+00
1.599200069904327393e-01,0.000000000000000000e+00
7.002699971199035645e-01,9.000000000000000000e+00
1.944199949502944946e-01,0.000000000000000000e+00
7.915999889373779297e-01,1.300000000000000000e+01
7.636399865150451660e-01,1.300000000000000000e+01
9.748399853706359863e-01,3.300000000000000000e+01
3.810400068759918213e-01,0.000000000000000000e+00
6.127799749374389648e-01,4.000000000000000000e+00
6.683400273323059082e-01,7.000000000000000000e+00
5.134299993515014648e-01,1.000000000000000000e+00
3.553499877452850342e-01,0.000000000000000000e+00
2.954500019550323486e-01,0.000000000000000000e+00
4.851100146770477295e-01,1.000000000000000000e+00
7.313100099563598633e-01,1.000000000000000000e+01
8.586199879646301270e-01,1.800000000000000000e+01
5.342900007963180542e-02,0.000000000000000000e+00
4.877800047397613525e-01,1.000000000000000000e+00
5.064799785614013672e-01,1.000000000000000000e+00
