9.553699940443038940e-02,3.300000000000000000e+01
9.925199747085571289e-01,1.731000000000000000e+03
3.781700134277343750e-02,2.000000000000000000e+00
1.826699972152709961e-01,1.650000000000000000e+02
3.563199937343597412e-01,4.950000000000000000e+02
7.898700237274169922e-01,1.074000000000000000e+03
8.424000144004821777e-01,1.501000000000000000e+03
2.524900138378143311e-01,2.710000000000000000e+02
3.335500061511993408e-01,3.980000000000000000e+02
2.717899978160858154e-01,2.770000000000000000e+02
7.232000231742858887e-01,9.800000000000000000e+02
5.761899948120117188e-01,8.840000000000000000e+02
5.899000167846679688e-01,8.840000000000000000e+02
5.929400026798248291e-02,8.000000000000000000e+00
3.907400071620941162e-01,5.060000000000000000e+02
9.848399758338928223e-01,1.731000000000000000e+03
2.660599946975708008e-01,2.770000000000000000e+02
8.466500043869018555e-01,1.509000000000000000e+03
3.411400020122528076e-01,4.850000000000000000e+02
6.331099867820739746e-01,8.840000000000000000e+02
