8.794100284576416016e-01,1.085000000000000000e+03
8.013499975204467773e-01,1.003000000000000000e+03
9.784299880266189575e-02,3.200000000000000000e+01
5.472300052642822266e-01,8.360000000000000000e+02
5.361999869346618652e-01,7.560000000000000000e+02
2.023299932479858398e-01,1.620000000000000000e+02
6.970900297164916992e-01,9.280000000000000000e+02
1.526699960231781006e-01,9.500000000000000000e+01
7.439399957656860352e-01,9.940000000000000000e+02
4.990499913692474365e-01,5.170000000000000000e+02
8.528400063514709473e-01,1.073000000000000000e+03
6.259000301361083984e-02,5.000000000000000000e+00
3.260999917984008789e-01,2.830000000000000000e+02
6.718199849128723145e-01,9.280000000000000000e+02
3.383899927139282227e-01,2.830000000000000000e+02
3.432900011539459229e-01,2.940000000000000000e+02
9.745100140571594238e-01,1.701000000000000000e+03
1.078900042921304703e-02,0.000000000000000000e+00
4.025899991393089294e-02,2.000000000000000000e+00
5.581999942660331726e-02,4.000000000000000000e+00
