7.476500272750854492e-01,2.370000000000000000e+03
6.053100228309631348e-01,2.087000000000000000e+03
5.094199776649475098e-01,1.825000000000000000e+03
2.345599979162216187e-01,1.062000000000000000e+03
1.942300051450729370e-01,9.610000000000000000e+02
9.461799860000610352e-01,2.760000000000000000e+03
5.666999816894531250e-01,1.996000000000000000e+03
8.975099921226501465e-01,2.659000000000000000e+03
7.516700029373168945e-01,2.373000000000000000e+03
1.804300025105476379e-02,7.800000000000000000e+01
8.140900135040283203e-01,2.473000000000000000e+03
7.042700052261352539e-01,2.258000000000000000e+03
8.583700060844421387e-01,2.547000000000000000e+03
3.675200045108795166e-01,1.506000000000000000e+03
4.818600118160247803e-01,1.767000000000000000e+03
9.177600145339965820e-01,2.701000000000000000e+03
1.333200037479400635e-01,7.180000000000000000e+02
6.593800187110900879e-01,2.175000000000000000e+03
3.700200021266937256e-01,1.521000000000000000e+03
5.767700076103210449e-01,2.060000000000000000e+03
