4.703599959611892700e-02,0.000000000000000000e+00
5.415599793195724487e-03,0.000000000000000000e+00
1.584199965000152588e-01,1.000000000000000000e+00
2.701700031757354736e-01,6.700000000000000000e+01
2.409200072288513184e-01,3.300000000000000000e+01
3.555100038647651672e-02,0.000000000000000000e+00
9.817100167274475098e-01,1.649000000000000000e+03
7.471100091934204102e-01,1.132000000000000000e+03
2.062799967825412750e-02,0.000000000000000000e+00
7.552800178527832031e-01,1.152000000000000000e+03
1.144099980592727661e-01,0.000000000000000000e+00
2.294099926948547363e-01,2.500000000000000000e+01
3.384400010108947754e-01,1.660000000000000000e+02
1.955900043249130249e-01,7.000000000000000000e+00
7.062500119209289551e-01,1.023000000000000000e+03
4.671899974346160889e-01,4.410000000000000000e+02
4.085699915885925293e-01,2.990000000000000000e+02
8.780699968338012695e-01,1.429000000000000000e+03
8.957200050354003906e-01,1.465000000000000000e+03
2.825300097465515137e-01,8.200000000000000000e+01
