7.344000041484832764e-02,0.000000000000000000e+00
3.266099989414215088e-01,0.000000000000000000e+00
2.061000019311904907e-01,0.000000000000000000e+00
1.474999934434890747e-01,0.000000000000000000e+00
9.046799689531326294e-02,0.000000000000000000e+00
3.691700100898742676e-01,0.000000000000000000e+00
5.766100287437438965e-01,1.000000000000000000e+00
8.390200138092041016e-01,2.300000000000000000e+01
5.572199821472167969e-01,1.000000000000000000e+00
4.127300083637237549e-01,0.000000000000000000e+00
3.243100047111511230e-01,0.000000000000000000e+00
1.164800021797418594e-02,0.000000000000000000e+00
1.629499942064285278e-01,0.000000000000000000e+00
5.246400237083435059e-01,1.000000000000000000e+00
5.965300202369689941e-01,3.000000000000000000e+00
9.092299938201904297e-01,3.700000000000000000e+01
9.311600029468536377e-02,0.000000000000000000e+00
1.610800027847290039e-01,0.000000000000000000e+00
3.370699882507324219e-01,0.000000000000000000e+00
2.478599920868873596e-02,0.000000000000000000e+00
