1.184799969196319580e-01,0.000000000000000000e+00
1.304499953985214233e-01,0.000000000000000000e+00
9.292600154876708984e-01,6.660000000000000000e+02
7.850299775600433350e-02,0.000000000000000000e+00
7.242900133132934570e-01,3.510000000000000000e+02
2.630299925804138184e-01,2.000000000000000000e+00
4.540300071239471436e-01,6.900000000000000000e+01
3.120000064373016357e-01,5.000000000000000000e+00
1.972199976444244385e-01,1.000000000000000000e+00
4.134899973869323730e-01,3.900000000000000000e+01
5.495700240135192871e-01,1.540000000000000000e+02
1.535300016403198242e-01,0.000000000000000000e+00
2.975099980831146240e-01,4.000000000000000000e+00
2.008299976587295532e-01,1.000000000000000000e+00
3.167299926280975342e-01,5.000000000000000000e+00
1.675399988889694214e-01,1.000000000000000000e+00
1.349100023508071899e-01,0.000000000000000000e+00
6.319100260734558105e-01,2.400000000000000000e+02
2.984899878501892090e-01,4.000000000000000000e+00
4.233399927616119385e-01,4.600000000000000000e+01
