2.557300031185150146e-01,0.000000000000000000e+00
3.993600010871887207e-01,1.600000000000000000e+01
1.269100010395050049e-01,0.000000000000000000e+00
2.984200119972229004e-01,0.000000000000000000e+00
9.027100205421447754e-01,3.310000000000000000e+02
1.684000045061111450e-01,0.000000000000000000e+00
4.628999903798103333e-02,0.000000000000000000e+00
5.821599960327148438e-01,6.300000000000000000e+01
8.696900010108947754e-01,3.270000000000000000e+02
4.064599871635437012e-01,1.600000000000000000e+01
1.398900002241134644e-01,0.000000000000000000e+00
1.845799982547760010e-01,0.000000000000000000e+00
2.445899993181228638e-01,0.000000000000000000e+00
6.611800193786621094e-01,6.300000000000000000e+01
6.089199781417846680e-01,6.300000000000000000e+01
9.407899975776672363e-01,3.310000000000000000e+02
9.096999764442443848e-01,3.310000000000000000e+02
6.518499851226806641e-01,6.300000000000000000e+01
5.115699768066406250e-01,6.300000000000000000e+01
3.513300120830535889e-01,1.600000000000000000e+01
