3.967700004577636719e-01,4.000000000000000000e+00
5.602300167083740234e-01,2.900000000000000000e+01
2.561100125312805176e-01,0.000000000000000000e+00
2.500399947166442871e-01,0.000000000000000000e+00
7.555199861526489258e-01,8.900000000000000000e+01
7.386699914932250977e-01,8.300000000000000000e+01
2.011500000953674316e-01,0.000000000000000000e+00
2.967599928379058838e-01,1.000000000000000000e+00
2.467699907720088959e-02,0.000000000000000000e+00
8.057399988174438477e-01,1.130000000000000000e+02
8.348500132560729980e-01,1.270000000000000000e+02
9.080299735069274902e-01,1.720000000000000000e+02
3.534699976444244385e-02,0.000000000000000000e+00
8.181899785995483398e-01,1.200000000000000000e+02
1.019399985671043396e-01,0.000000000000000000e+00
6.417899727821350098e-01,5.300000000000000000e+01
8.238299936056137085e-02,0.000000000000000000e+00
5.338000059127807617e-01,2.000000000000000000e+01
4.137800037860870361e-01,5.000000000000000000e+00
3.668900132179260254e-01,2.000000000000000000e+00
