3.451600074768066406e-01,4.870000000000000000e+02
9.578400254249572754e-01,1.960000000000000000e+03
9.550799727439880371e-01,1.958000000000000000e+03
5.873299837112426758e-01,1.174000000000000000e+03
3.107799887657165527e-01,4.710000000000000000e+02
5.684300065040588379e-01,1.142000000000000000e+03
3.316099941730499268e-01,4.720000000000000000e+02
1.985599994659423828e-01,2.820000000000000000e+02
7.108500003814697266e-01,1.205000000000000000e+03
4.197700023651123047e-01,7.200000000000000000e+02
2.785800099372863770e-01,4.510000000000000000e+02
1.581500023603439331e-01,1.720000000000000000e+02
4.367200136184692383e-01,7.210000000000000000e+02
1.585800051689147949e-01,1.720000000000000000e+02
3.486999869346618652e-01,4.870000000000000000e+02
2.129900008440017700e-01,2.820000000000000000e+02
8.337500095367431641e-01,1.325000000000000000e+03
5.099400281906127930e-01,7.660000000000000000e+02
5.609800219535827637e-01,1.085000000000000000e+03
4.377599954605102539e-01,7.210000000000000000e+02
