5.875099897384643555e-01,8.070000000000000000e+02
9.778299927711486816e-02,4.000000000000000000e+00
1.787299960851669312e-01,3.200000000000000000e+01
3.219699859619140625e-01,2.230000000000000000e+02
2.519100010395050049e-01,1.000000000000000000e+02
7.249400019645690918e-01,1.131000000000000000e+03
6.462399959564208984e-01,1.043000000000000000e+03
5.175700187683105469e-01,5.750000000000000000e+02
6.427900195121765137e-01,1.034000000000000000e+03
1.168899983167648315e-01,6.000000000000000000e+00
7.200000286102294922e-01,1.123000000000000000e+03
1.785999983549118042e-01,3.200000000000000000e+01
5.218799710273742676e-01,5.800000000000000000e+02
4.174399971961975098e-01,4.620000000000000000e+02
5.880799889564514160e-02,0.000000000000000000e+00
3.767400085926055908e-01,3.300000000000000000e+02
7.626399993896484375e-01,1.195000000000000000e+03
1.580000072717666626e-01,3.100000000000000000e+01
9.897500276565551758e-01,1.651000000000000000e+03
4.297299981117248535e-01,4.700000000000000000e+02
