8.341500163078308105e-01,2.264000000000000000e+03
2.798399925231933594e-01,6.450000000000000000e+02
4.286600053310394287e-01,1.185000000000000000e+03
7.102199792861938477e-01,1.981000000000000000e+03
3.745700120925903320e-01,1.003000000000000000e+03
2.497999966144561768e-01,5.280000000000000000e+02
1.178999990224838257e-01,5.100000000000000000e+01
9.852700233459472656e-01,2.598000000000000000e+03
4.295299947261810303e-01,1.190000000000000000e+03
4.984000027179718018e-01,1.392000000000000000e+03
3.703500032424926758e-01,9.860000000000000000e+02
9.173099994659423828e-01,2.451000000000000000e+03
1.100799962878227234e-01,4.000000000000000000e+01
7.073299884796142578e-01,1.972000000000000000e+03
1.758600026369094849e-01,2.210000000000000000e+02
8.956699967384338379e-01,2.403000000000000000e+03
4.416599869728088379e-01,1.233000000000000000e+03
4.786899983882904053e-01,1.337000000000000000e+03
2.987200021743774414e-01,7.200000000000000000e+02
2.939699888229370117e-01,7.080000000000000000e+02
