4.742299914360046387e-01,7.300000000000000000e+01
9.500799775123596191e-01,7.540000000000000000e+02
1.747799962759017944e-01,1.000000000000000000e+00
7.008499652147293091e-02,0.000000000000000000e+00
8.615499734878540039e-01,6.520000000000000000e+02
7.324900031089782715e-01,2.510000000000000000e+02
8.422700166702270508e-01,2.840000000000000000e+02
2.568899989128112793e-01,2.600000000000000000e+01
5.545399785041809082e-01,2.450000000000000000e+02
6.397299766540527344e-01,2.450000000000000000e+02
2.222799956798553467e-01,6.000000000000000000e+00
7.148600220680236816e-01,2.510000000000000000e+02
9.566799998283386230e-01,7.570000000000000000e+02
3.230499923229217529e-01,2.700000000000000000e+01
7.152000069618225098e-01,2.510000000000000000e+02
9.179700016975402832e-01,7.160000000000000000e+02
1.755799949169158936e-01,1.000000000000000000e+00
2.351000010967254639e-01,6.000000000000000000e+00
9.283099770545959473e-01,7.450000000000000000e+02
9.503600001335144043e-01,7.540000000000000000e+02
