9.168800115585327148e-01,1.000000000000000000e+02
1.658100038766860962e-01,0.000000000000000000e+00
1.852899938821792603e-01,0.000000000000000000e+00
2.804900109767913818e-01,0.000000000000000000e+00
9.401500225067138672e-01,1.000000000000000000e+02
6.413300037384033203e-01,1.600000000000000000e+01
1.815699934959411621e-01,0.000000000000000000e+00
7.842199802398681641e-01,9.800000000000000000e+01
6.392899751663208008e-01,1.600000000000000000e+01
1.641799956560134888e-01,0.000000000000000000e+00
7.809799909591674805e-02,0.000000000000000000e+00
9.733800292015075684e-01,1.000000000000000000e+02
1.732600033283233643e-01,0.000000000000000000e+00
9.971200227737426758e-01,1.000000000000000000e+02
6.079699993133544922e-01,1.400000000000000000e+01
9.455199837684631348e-01,1.000000000000000000e+02
7.838500142097473145e-01,9.800000000000000000e+01
2.861900031566619873e-01,0.000000000000000000e+00
6.745200157165527344e-01,1.600000000000000000e+01
3.563199890777468681e-03,0.000000000000000000e+00
