7.653999924659729004e-01,1.551000000000000000e+03
7.109900116920471191e-01,1.430000000000000000e+03
6.266300082206726074e-01,1.224000000000000000e+03
6.154199838638305664e-01,1.198000000000000000e+03
3.951199948787689209e-01,6.090000000000000000e+02
2.093600034713745117e-01,1.590000000000000000e+02
5.264499783515930176e-01,9.600000000000000000e+02
8.400400280952453613e-01,1.732000000000000000e+03
2.098300009965896606e-01,1.590000000000000000e+02
3.259499967098236084e-01,4.260000000000000000e+02
5.157799720764160156e-01,9.250000000000000000e+02
8.725600242614746094e-01,1.794000000000000000e+03
7.394300103187561035e-01,1.485000000000000000e+03
7.957399636507034302e-02,9.000000000000000000e+00
4.835599958896636963e-01,8.430000000000000000e+02
5.520899891853332520e-01,1.025000000000000000e+03
7.930899858474731445e-01,1.623000000000000000e+03
3.473599851131439209e-01,4.820000000000000000e+02
2.309899926185607910e-01,1.940000000000000000e+02
8.340600132942199707e-01,1.723000000000000000e+03
