8.794400095939636230e-01,2.827000000000000000e+03
1.286100000143051147e-01,7.640000000000000000e+02
5.282500013709068298e-02,3.640000000000000000e+02
7.340400218963623047e-01,2.528000000000000000e+03
5.220599770545959473e-01,2.039000000000000000e+03
1.206300035119056702e-01,7.310000000000000000e+02
7.945299744606018066e-01,2.658000000000000000e+03
6.257899999618530273e-01,2.302000000000000000e+03
7.052999734878540039e-01,2.475000000000000000e+03
4.998899996280670166e-01,1.983000000000000000e+03
7.118600010871887207e-01,2.485000000000000000e+03
9.255399703979492188e-01,2.919000000000000000e+03
3.655700087547302246e-01,1.615000000000000000e+03
8.802899718284606934e-01,2.830000000000000000e+03
8.263300061225891113e-01,2.724000000000000000e+03
9.351800084114074707e-01,2.935000000000000000e+03
3.059700131416320801e-01,1.440000000000000000e+03
9.536799788475036621e-01,2.969000000000000000e+03
7.303500175476074219e-01,2.522000000000000000e+03
3.540799915790557861e-01,1.591000000000000000e+03
