2.463099956512451172e-01,1.109000000000000000e+03
3.394100069999694824e-01,1.385000000000000000e+03
4.742299914360046387e-01,1.761000000000000000e+03
6.465700268745422363e-01,2.161000000000000000e+03
5.640599876642227173e-02,3.380000000000000000e+02
9.911199808120727539e-01,2.957000000000000000e+03
5.077999830245971680e-01,1.823000000000000000e+03
7.344200015068054199e-01,2.352000000000000000e+03
7.043300271034240723e-01,2.269000000000000000e+03
6.565499901771545410e-01,2.184000000000000000e+03
3.818100094795227051e-01,1.586000000000000000e+03
5.737400054931640625e-01,2.049000000000000000e+03
5.103499889373779297e-01,1.831000000000000000e+03
8.275499939918518066e-01,2.521000000000000000e+03
4.881300032138824463e-01,1.787000000000000000e+03
2.502000033855438232e-01,1.122000000000000000e+03
8.374399691820144653e-02,4.760000000000000000e+02
4.072299897670745850e-01,1.607000000000000000e+03
1.748400032520294189e-01,8.730000000000000000e+02
8.484600186347961426e-01,2.566000000000000000e+03
