2.019000053405761719e-01,0.000000000000000000e+00
5.565599799156188965e-01,0.000000000000000000e+00
6.770600080490112305e-01,0.000000000000000000e+00
5.643900036811828613e-01,0.000000000000000000e+00
6.699200272560119629e-01,0.000000000000000000e+00
3.334499895572662354e-01,0.000000000000000000e+00
1.816399991512298584e-01,0.000000000000000000e+00
5.789499878883361816e-01,0.000000000000000000e+00
7.583600282669067383e-01,4.000000000000000000e+00
4.818199872970581055e-01,0.000000000000000000e+00
8.390399813652038574e-01,7.000000000000000000e+00
4.744899868965148926e-01,0.000000000000000000e+00
9.884200096130371094e-01,1.200000000000000000e+01
1.958200037479400635e-01,0.000000000000000000e+00
6.489200145006179810e-02,0.000000000000000000e+00
6.355900168418884277e-01,0.000000000000000000e+00
9.741899967193603516e-01,1.200000000000000000e+01
7.879899740219116211e-01,6.000000000000000000e+00
8.013899922370910645e-01,7.000000000000000000e+00
2.176000028848648071e-01,0.000000000000000000e+00
