4.022499918937683105e-01,7.050000000000000000e+02
7.959399819374084473e-01,1.836000000000000000e+03
8.065199851989746094e-01,1.860000000000000000e+03
8.568199872970581055e-01,1.969000000000000000e+03
6.604499816894531250e-01,1.488000000000000000e+03
1.392800062894821167e-01,9.000000000000000000e+00
7.145699858665466309e-02,0.000000000000000000e+00
2.316800057888031006e-01,1.310000000000000000e+02
8.093000054359436035e-01,1.867000000000000000e+03
1.710499972105026245e-01,2.800000000000000000e+01
7.470499873161315918e-01,1.708000000000000000e+03
2.184100002050399780e-01,9.900000000000000000e+01
2.525300085544586182e-01,2.010000000000000000e+02
6.977999806404113770e-01,1.586000000000000000e+03
1.440500020980834961e-01,1.400000000000000000e+01
4.307799935340881348e-01,7.980000000000000000e+02
7.635599970817565918e-01,1.743000000000000000e+03
5.800200104713439941e-01,1.256000000000000000e+03
3.268999978899955750e-02,0.000000000000000000e+00
5.238699913024902344e-01,1.097000000000000000e+03
