6.724699735641479492e-01,6.200000000000000000e+01
8.796700239181518555e-01,1.510000000000000000e+02
9.724100232124328613e-01,2.320000000000000000e+02
3.131299912929534912e-01,0.000000000000000000e+00
9.752399921417236328e-01,2.370000000000000000e+02
3.154999911785125732e-01,0.000000000000000000e+00
4.126000031828880310e-02,0.000000000000000000e+00
8.227300047874450684e-01,1.230000000000000000e+02
3.700900077819824219e-02,0.000000000000000000e+00
8.971299976110458374e-02,0.000000000000000000e+00
3.537400066852569580e-01,0.000000000000000000e+00
2.518500089645385742e-01,0.000000000000000000e+00
7.039099931716918945e-01,7.200000000000000000e+01
9.262899756431579590e-01,1.950000000000000000e+02
6.401500105857849121e-02,0.000000000000000000e+00
2.939200103282928467e-01,0.000000000000000000e+00
2.765600085258483887e-01,0.000000000000000000e+00
1.923799961805343628e-01,0.000000000000000000e+00
9.891700148582458496e-01,2.530000000000000000e+02
2.877100110054016113e-01,0.000000000000000000e+00
