9.666600227355957031e-01,1.050000000000000000e+02
1.968600004911422729e-01,0.000000000000000000e+00
3.098500072956085205e-01,0.000000000000000000e+00
7.674899883568286896e-03,0.000000000000000000e+00
3.398500084877014160e-01,0.000000000000000000e+00
8.160700201988220215e-01,5.600000000000000000e+01
8.323799818754196167e-02,0.000000000000000000e+00
9.320799708366394043e-01,9.100000000000000000e+01
1.285600066184997559e-01,0.000000000000000000e+00
1.243200004100799561e-01,0.000000000000000000e+00
8.570299744606018066e-01,6.800000000000000000e+01
5.592499971389770508e-01,4.000000000000000000e+00
5.166200175881385803e-02,0.000000000000000000e+00
5.699399709701538086e-01,4.000000000000000000e+00
8.582700043916702271e-02,0.000000000000000000e+00
5.616499781608581543e-01,4.000000000000000000e+00
3.474499881267547607e-01,0.000000000000000000e+00
7.922000288963317871e-01,4.900000000000000000e+01
7.811499834060668945e-01,4.800000000000000000e+01
4.651100039482116699e-01,0.000000000000000000e+00
