4.961000084877014160e-01,1.300000000000000000e+01
1.206500008702278137e-01,0.000000000000000000e+00
2.421000003814697266e-01,0.000000000000000000e+00
7.970700263977050781e-01,8.400000000000000000e+01
2.791700065135955811e-01,0.000000000000000000e+00
9.621800184249877930e-01,1.700000000000000000e+02
5.701900124549865723e-01,2.000000000000000000e+01
7.564499974250793457e-01,6.700000000000000000e+01
3.362299874424934387e-02,0.000000000000000000e+00
5.572399869561195374e-02,0.000000000000000000e+00
7.839300036430358887e-01,7.500000000000000000e+01
3.531700074672698975e-01,0.000000000000000000e+00
5.073199868202209473e-01,1.300000000000000000e+01
4.349400103092193604e-01,2.000000000000000000e+00
5.793600082397460938e-01,2.000000000000000000e+01
3.070800006389617920e-01,0.000000000000000000e+00
5.091600120067596436e-02,0.000000000000000000e+00
8.936499953269958496e-01,1.260000000000000000e+02
8.554199934005737305e-01,1.040000000000000000e+02
8.940399885177612305e-01,1.260000000000000000e+02
