7.539600133895874023e-01,1.167000000000000000e+03
1.063100025057792664e-01,5.400000000000000000e+01
2.346699982881546021e-01,2.220000000000000000e+02
2.860600054264068604e-01,3.560000000000000000e+02
9.156200289726257324e-01,1.665000000000000000e+03
8.834699988365173340e-01,1.273000000000000000e+03
3.134399950504302979e-01,3.720000000000000000e+02
9.994400143623352051e-01,1.907000000000000000e+03
4.269399940967559814e-01,6.150000000000000000e+02
9.538099765777587891e-01,1.815000000000000000e+03
3.116799890995025635e-01,3.720000000000000000e+02
6.488500237464904785e-01,1.064000000000000000e+03
4.708400070667266846e-01,6.470000000000000000e+02
9.046900272369384766e-01,1.501000000000000000e+03
6.909000277519226074e-01,1.079000000000000000e+03
4.215799868106842041e-01,6.140000000000000000e+02
9.026200175285339355e-01,1.380000000000000000e+03
1.845400035381317139e-01,1.380000000000000000e+02
5.122900009155273438e-01,6.510000000000000000e+02
6.927199959754943848e-01,1.079000000000000000e+03
