1.845899969339370728e-01,0.000000000000000000e+00
9.959499835968017578e-01,3.800000000000000000e+01
1.608500033617019653e-01,0.000000000000000000e+00
6.616399884223937988e-01,3.000000000000000000e+00
4.996899962425231934e-01,1.000000000000000000e+00
2.215400040149688721e-01,0.000000000000000000e+00
6.702799797058105469e-01,3.000000000000000000e+00
9.952700138092041016e-01,3.800000000000000000e+01
5.132499933242797852e-01,1.000000000000000000e+00
2.084700018167495728e-01,0.000000000000000000e+00
5.137900114059448242e-01,1.000000000000000000e+00
7.104499638080596924e-02,0.000000000000000000e+00
3.152300119400024414e-01,0.000000000000000000e+00
7.645400166511535645e-01,7.000000000000000000e+00
3.685500025749206543e-01,0.000000000000000000e+00
5.523399710655212402e-01,2.000000000000000000e+00
7.829999923706054688e-01,8.000000000000000000e+00
8.803099989891052246e-01,1.700000000000000000e+01
4.688499867916107178e-01,0.000000000000000000e+00
8.630200028419494629e-01,1.400000000000000000e+01
