2.524999976158142090e-01,4.520000000000000000e+02
8.744900226593017578e-01,1.541000000000000000e+03
7.237400114536285400e-02,3.500000000000000000e+01
5.076100230216979980e-01,8.200000000000000000e+02
6.035599708557128906e-01,1.205000000000000000e+03
9.211999773979187012e-01,1.841000000000000000e+03
4.987500011920928955e-01,8.060000000000000000e+02
2.488500028848648071e-01,4.320000000000000000e+02
5.208799839019775391e-01,8.490000000000000000e+02
9.468200206756591797e-01,1.988000000000000000e+03
7.723299860954284668e-01,1.332000000000000000e+03
9.994699954986572266e-01,2.106000000000000000e+03
4.711799919605255127e-01,7.870000000000000000e+02
3.121100068092346191e-01,4.950000000000000000e+02
7.391300201416015625e-01,1.331000000000000000e+03
9.721599817276000977e-01,2.072000000000000000e+03
7.541099935770034790e-02,3.600000000000000000e+01
9.962199926376342773e-01,2.106000000000000000e+03
6.872799992561340332e-01,1.240000000000000000e+03
2.756600081920623779e-01,4.710000000000000000e+02
