1.555999964475631714e-01,0.000000000000000000e+00
6.867499947547912598e-01,2.000000000000000000e+00
3.435899913311004639e-01,0.000000000000000000e+00
1.453700065612792969e-01,0.000000000000000000e+00
4.980100095272064209e-01,1.000000000000000000e+00
7.786999940872192383e-01,7.000000000000000000e+00
9.032400250434875488e-01,2.900000000000000000e+01
2.568800002336502075e-02,0.000000000000000000e+00
5.329800248146057129e-01,1.000000000000000000e+00
7.479799985885620117e-01,5.000000000000000000e+00
8.173300027847290039e-01,1.200000000000000000e+01
9.196799993515014648e-01,3.100000000000000000e+01
2.794300019741058350e-01,0.000000000000000000e+00
8.312900066375732422e-01,1.600000000000000000e+01
8.418100327253341675e-02,0.000000000000000000e+00
9.928799867630004883e-01,5.600000000000000000e+01
9.964699745178222656e-01,5.800000000000000000e+01
5.331599712371826172e-01,1.000000000000000000e+00
1.603000015020370483e-01,0.000000000000000000e+00
3.287200033664703369e-01,0.000000000000000000e+00
