8.235099911689758301e-01,1.647000000000000000e+03
1.604100018739700317e-01,0.000000000000000000e+00
7.856100201606750488e-01,1.545000000000000000e+03
6.858900189399719238e-01,1.215000000000000000e+03
7.416200041770935059e-01,1.412000000000000000e+03
1.947299987077713013e-01,1.000000000000000000e+00
7.909899950027465820e-01,1.556000000000000000e+03
8.134800195693969727e-01,1.618000000000000000e+03
6.480799913406372070e-01,1.064000000000000000e+03
7.475500106811523438e-01,1.428000000000000000e+03
6.842200160026550293e-01,1.210000000000000000e+03
7.778599858283996582e-01,1.525000000000000000e+03
6.093099713325500488e-01,9.180000000000000000e+02
6.769800186157226562e-01,1.182000000000000000e+03
7.379999756813049316e-01,1.401000000000000000e+03
5.851500034332275391e-01,8.310000000000000000e+02
6.686400175094604492e-01,1.145000000000000000e+03
2.049999982118606567e-01,1.000000000000000000e+00
3.045699894428253174e-01,2.000000000000000000e+01
9.723200201988220215e-01,2.068000000000000000e+03
