8.225600123405456543e-01,2.427000000000000000e+03
8.733900189399719238e-01,2.524000000000000000e+03
9.156699776649475098e-01,2.619000000000000000e+03
3.779700100421905518e-01,1.238000000000000000e+03
9.828600287437438965e-01,2.746000000000000000e+03
2.664000093936920166e-01,8.170000000000000000e+02
1.652400046586990356e-01,3.190000000000000000e+02
5.837000161409378052e-02,2.000000000000000000e+00
1.112599968910217285e-01,1.070000000000000000e+02
1.639599949121475220e-01,3.110000000000000000e+02
7.393500208854675293e-01,2.226000000000000000e+03
9.401500225067138672e-01,2.672000000000000000e+03
1.895900070667266846e-02,0.000000000000000000e+00
3.017700016498565674e-01,9.530000000000000000e+02
2.320999950170516968e-01,6.510000000000000000e+02
7.772700190544128418e-01,2.319000000000000000e+03
3.967300057411193848e-01,1.296000000000000000e+03
7.519400119781494141e-01,2.262000000000000000e+03
8.599500060081481934e-01,2.496000000000000000e+03
7.346700131893157959e-02,8.000000000000000000e+00
