1.599899977445602417e-01,0.000000000000000000e+00
7.365700006484985352e-01,5.300000000000000000e+01
3.535299897193908691e-01,0.000000000000000000e+00
3.540399968624114990e-01,0.000000000000000000e+00
7.759900093078613281e-01,6.800000000000000000e+01
3.062799870967864990e-01,0.000000000000000000e+00
4.467999935150146484e-01,1.000000000000000000e+00
6.073200106620788574e-01,1.900000000000000000e+01
4.338600039482116699e-01,1.000000000000000000e+00
3.604300022125244141e-01,0.000000000000000000e+00
1.317400038242340088e-01,0.000000000000000000e+00
8.173699975013732910e-01,8.800000000000000000e+01
5.357999801635742188e-01,5.000000000000000000e+00
8.584300279617309570e-01,1.170000000000000000e+02
9.692400097846984863e-01,2.100000000000000000e+02
3.050200045108795166e-01,0.000000000000000000e+00
2.334000021219253540e-01,0.000000000000000000e+00
1.194299980998039246e-01,0.000000000000000000e+00
9.880899786949157715e-01,2.350000000000000000e+02
8.483600020408630371e-01,1.110000000000000000e+02
