5.799999833106994629e-01,1.100000000000000000e+01
8.778600096702575684e-01,1.650000000000000000e+02
1.466699987649917603e-01,0.000000000000000000e+00
2.071000039577484131e-01,0.000000000000000000e+00
6.328200101852416992e-01,2.000000000000000000e+01
5.461300015449523926e-01,8.000000000000000000e+00
1.133499965071678162e-01,0.000000000000000000e+00
1.302800029516220093e-01,0.000000000000000000e+00
6.822299957275390625e-01,3.100000000000000000e+01
2.308000028133392334e-01,0.000000000000000000e+00
5.453600287437438965e-01,8.000000000000000000e+00
8.240299820899963379e-01,1.200000000000000000e+02
5.334500074386596680e-01,4.000000000000000000e+00
6.820300221443176270e-01,3.100000000000000000e+01
8.882500231266021729e-02,0.000000000000000000e+00
5.082700252532958984e-01,3.000000000000000000e+00
9.797599911689758301e-01,2.780000000000000000e+02
7.678999900817871094e-01,7.400000000000000000e+01
3.530499935150146484e-01,0.000000000000000000e+00
6.770200133323669434e-01,2.800000000000000000e+01
