9.834100008010864258e-01,9.730000000000000000e+02
4.817399978637695312e-01,1.680000000000000000e+02
5.407400131225585938e-01,2.400000000000000000e+02
1.597699970006942749e-01,0.000000000000000000e+00
3.709599971771240234e-01,6.900000000000000000e+01
7.234899997711181641e-01,5.010000000000000000e+02
4.430199861526489258e-01,1.220000000000000000e+02
1.986899971961975098e-01,1.000000000000000000e+00
9.296299815177917480e-01,8.690000000000000000e+02
3.199799954891204834e-01,3.500000000000000000e+01
8.910400271415710449e-01,7.950000000000000000e+02
5.063199996948242188e-01,1.900000000000000000e+02
7.541099935770034790e-02,0.000000000000000000e+00
5.058500170707702637e-01,1.890000000000000000e+02
7.855899930000305176e-01,6.190000000000000000e+02
2.352100014686584473e-01,3.000000000000000000e+00
1.336100045591592789e-02,0.000000000000000000e+00
5.058100223541259766e-01,1.890000000000000000e+02
9.475799798965454102e-01,9.020000000000000000e+02
3.118799924850463867e-01,3.100000000000000000e+01
