8.929499983787536621e-01,2.163000000000000000e+03
2.497700005769729614e-01,5.560000000000000000e+02
9.778299927711486816e-01,2.268000000000000000e+03
4.284200072288513184e-01,1.073000000000000000e+03
2.862200140953063965e-01,6.470000000000000000e+02
6.560699939727783203e-01,1.622000000000000000e+03
4.730299860239028931e-02,2.400000000000000000e+01
2.121199965476989746e-01,4.860000000000000000e+02
4.766899943351745605e-01,1.194000000000000000e+03
6.263599991798400879e-01,1.491000000000000000e+03
9.985700249671936035e-01,2.289000000000000000e+03
5.708100199699401855e-01,1.373000000000000000e+03
2.004200071096420288e-01,4.000000000000000000e+02
4.278900027275085449e-01,1.073000000000000000e+03
1.218999996781349182e-01,1.790000000000000000e+02
7.131999731063842773e-01,1.815000000000000000e+03
7.238599658012390137e-02,7.100000000000000000e+01
5.843799933791160583e-02,3.700000000000000000e+01
4.945299923419952393e-01,1.237000000000000000e+03
3.498699963092803955e-01,8.190000000000000000e+02
