8.668000102043151855e-01,2.679000000000000000e+03
6.660000085830688477e-01,2.252000000000000000e+03
1.086400002241134644e-01,4.360000000000000000e+02
1.853100061416625977e-01,7.850000000000000000e+02
2.018900066614151001e-01,8.580000000000000000e+02
4.706000089645385742e-01,1.745000000000000000e+03
2.909000031650066376e-02,4.900000000000000000e+01
6.476899981498718262e-01,2.215000000000000000e+03
4.621300101280212402e-01,1.721000000000000000e+03
1.237199977040290833e-01,5.040000000000000000e+02
4.388299882411956787e-01,1.665000000000000000e+03
3.939200043678283691e-01,1.538000000000000000e+03
4.753499925136566162e-01,1.763000000000000000e+03
3.197599947452545166e-01,1.300000000000000000e+03
3.514499962329864502e-01,1.393000000000000000e+03
6.608099937438964844e-01,2.239000000000000000e+03
1.823299974203109741e-01,7.730000000000000000e+02
6.403099894523620605e-01,2.188000000000000000e+03
3.716300129890441895e-01,1.467000000000000000e+03
3.127900063991546631e-01,1.275000000000000000e+03
