6.335700154304504395e-01,3.280000000000000000e+02
9.920600056648254395e-01,8.070000000000000000e+02
6.424199938774108887e-01,3.390000000000000000e+02
2.306099981069564819e-01,1.200000000000000000e+01
3.527199923992156982e-01,5.000000000000000000e+01
7.356399893760681152e-01,5.380000000000000000e+02
9.287300109863281250e-01,6.720000000000000000e+02
3.350000083446502686e-01,4.900000000000000000e+01
9.559000134468078613e-01,7.820000000000000000e+02
4.330700039863586426e-01,1.530000000000000000e+02
3.540999889373779297e-01,5.000000000000000000e+01
4.415499866008758545e-01,1.550000000000000000e+02
2.984899878501892090e-01,4.800000000000000000e+01
1.261599957942962646e-01,2.000000000000000000e+00
6.776999831199645996e-01,5.230000000000000000e+02
8.243799805641174316e-01,5.740000000000000000e+02
4.579800069332122803e-01,1.560000000000000000e+02
6.907299906015396118e-02,0.000000000000000000e+00
4.375300183892250061e-02,0.000000000000000000e+00
7.463799715042114258e-01,5.400000000000000000e+02
