7.243700325489044189e-02,0.000000000000000000e+00
8.385300040245056152e-01,1.063000000000000000e+03
1.966899931430816650e-01,0.000000000000000000e+00
3.845399916172027588e-01,2.100000000000000000e+01
9.544699788093566895e-01,1.392000000000000000e+03
2.992199957370758057e-01,1.000000000000000000e+00
1.986500024795532227e-01,0.000000000000000000e+00
3.473500013351440430e-01,8.000000000000000000e+00
4.510900080204010010e-01,8.100000000000000000e+01
1.206300035119056702e-01,0.000000000000000000e+00
9.035500288009643555e-01,1.252000000000000000e+03
1.980500072240829468e-01,0.000000000000000000e+00
9.598500132560729980e-01,1.410000000000000000e+03
7.811200022697448730e-01,8.930000000000000000e+02
4.400500059127807617e-01,6.600000000000000000e+01
9.942799806594848633e-01,1.511000000000000000e+03
4.588199853897094727e-01,9.000000000000000000e+01
3.399699926376342773e-01,5.000000000000000000e+00
4.282900094985961914e-01,5.900000000000000000e+01
7.953299880027770996e-01,9.340000000000000000e+02
