6.499599814414978027e-01,1.130000000000000000e+02
2.103299945592880249e-01,0.000000000000000000e+00
7.009100168943405151e-02,0.000000000000000000e+00
5.468000173568725586e-01,6.500000000000000000e+01
3.264200091361999512e-01,4.000000000000000000e+00
3.598000109195709229e-01,5.000000000000000000e+00
8.177999854087829590e-01,2.330000000000000000e+02
4.926599860191345215e-01,3.900000000000000000e+01
4.618600010871887207e-02,0.000000000000000000e+00
7.740200161933898926e-01,1.930000000000000000e+02
3.858599960803985596e-01,8.000000000000000000e+00
9.920200109481811523e-01,4.350000000000000000e+02
3.157300055027008057e-01,3.000000000000000000e+00
1.649499982595443726e-01,0.000000000000000000e+00
3.292999863624572754e-01,4.000000000000000000e+00
2.337400019168853760e-01,0.000000000000000000e+00
4.708000123500823975e-01,2.600000000000000000e+01
9.573799967765808105e-01,3.830000000000000000e+02
2.891900017857551575e-02,0.000000000000000000e+00
8.650500178337097168e-01,2.790000000000000000e+02
