1.511600017547607422e-01,0.000000000000000000e+00
9.547399878501892090e-01,8.660000000000000000e+02
3.184700012207031250e-01,1.400000000000000000e+01
4.476000070571899414e-01,7.500000000000000000e+01
4.242399930953979492e-01,5.800000000000000000e+01
2.042700052261352539e-01,0.000000000000000000e+00
5.921199917793273926e-01,2.450000000000000000e+02
2.283599972724914551e-01,2.000000000000000000e+00
6.505900025367736816e-01,3.190000000000000000e+02
1.472000032663345337e-01,0.000000000000000000e+00
4.295899868011474609e-01,6.500000000000000000e+01
1.653700023889541626e-01,0.000000000000000000e+00
7.370300292968750000e-01,4.520000000000000000e+02
8.062199950218200684e-01,5.850000000000000000e+02
7.565900087356567383e-01,4.870000000000000000e+02
6.731200218200683594e-02,0.000000000000000000e+00
7.380999922752380371e-01,4.530000000000000000e+02
8.091599941253662109e-01,5.920000000000000000e+02
2.560699880123138428e-01,4.000000000000000000e+00
3.710100054740905762e-02,0.000000000000000000e+00
