6.827399730682373047e-01,2.203000000000000000e+03
5.434799790382385254e-01,1.903000000000000000e+03
9.603400230407714844e-01,2.810000000000000000e+03
1.403599977493286133e-01,7.020000000000000000e+02
3.842999935150146484e-01,1.546000000000000000e+03
6.352999806404113770e-01,2.135000000000000000e+03
9.235699772834777832e-01,2.708000000000000000e+03
7.409899830818176270e-01,2.324000000000000000e+03
7.421100139617919922e-01,2.326000000000000000e+03
4.975099861621856689e-01,1.771000000000000000e+03
1.555700004100799561e-01,8.110000000000000000e+02
5.892900228500366211e-01,2.078000000000000000e+03
6.424800157546997070e-01,2.149000000000000000e+03
9.924700111150741577e-02,5.440000000000000000e+02
9.468799829483032227e-02,5.220000000000000000e+02
9.016100168228149414e-01,2.677000000000000000e+03
3.064599931240081787e-01,1.304000000000000000e+03
6.990000009536743164e-01,2.235000000000000000e+03
9.184299707412719727e-01,2.700000000000000000e+03
5.537599921226501465e-01,1.944000000000000000e+03
