8.344699740409851074e-01,6.010000000000000000e+02
1.825599968433380127e-01,5.000000000000000000e+00
5.939400196075439453e-01,2.640000000000000000e+02
4.766199886798858643e-01,1.110000000000000000e+02
1.409199982881546021e-01,2.000000000000000000e+00
6.456300020217895508e-01,3.350000000000000000e+02
1.426800042390823364e-01,2.000000000000000000e+00
3.491199910640716553e-01,3.300000000000000000e+01
8.409299701452255249e-02,0.000000000000000000e+00
2.079199999570846558e-01,8.000000000000000000e+00
2.689700126647949219e-01,1.900000000000000000e+01
2.833200097084045410e-01,2.000000000000000000e+01
1.684100031852722168e-01,5.000000000000000000e+00
3.788799941539764404e-01,5.200000000000000000e+01
8.596000075340270996e-01,6.530000000000000000e+02
6.343799829483032227e-02,0.000000000000000000e+00
3.986800014972686768e-01,6.100000000000000000e+01
2.366199940443038940e-01,1.100000000000000000e+01
2.226999998092651367e-01,9.000000000000000000e+00
6.304399967193603516e-01,3.170000000000000000e+02
