9.586499929428100586e-01,2.210000000000000000e+02
4.763900041580200195e-01,4.000000000000000000e+00
8.169500231742858887e-01,1.200000000000000000e+02
6.296600103378295898e-01,3.800000000000000000e+01
8.288900256156921387e-01,1.320000000000000000e+02
1.795099973678588867e-01,0.000000000000000000e+00
1.745299994945526123e-01,0.000000000000000000e+00
1.483999937772750854e-01,0.000000000000000000e+00
5.007899999618530273e-01,7.000000000000000000e+00
3.764300048351287842e-01,2.000000000000000000e+00
3.134100139141082764e-01,1.000000000000000000e+00
1.106500029563903809e-01,0.000000000000000000e+00
9.698799997568130493e-02,0.000000000000000000e+00
9.334300160408020020e-01,1.960000000000000000e+02
8.738499879837036133e-01,1.530000000000000000e+02
2.288700081408023834e-02,0.000000000000000000e+00
7.199199795722961426e-01,6.500000000000000000e+01
5.457199811935424805e-01,1.400000000000000000e+01
6.762599945068359375e-01,5.100000000000000000e+01
8.305600285530090332e-01,1.320000000000000000e+02
