3.711499869823455811e-01,0.000000000000000000e+00
7.253400087356567383e-01,0.000000000000000000e+00
4.160799980163574219e-01,0.000000000000000000e+00
6.653500199317932129e-01,0.000000000000000000e+00
3.884899914264678955e-01,0.000000000000000000e+00
7.967600226402282715e-01,0.000000000000000000e+00
3.731699883937835693e-01,0.000000000000000000e+00
4.378699958324432373e-01,0.000000000000000000e+00
9.753299951553344727e-01,1.000000000000000000e+00
2.301400005817413330e-01,0.000000000000000000e+00
7.780499756336212158e-02,0.000000000000000000e+00
9.455400109291076660e-01,1.000000000000000000e+00
8.515400290489196777e-01,0.000000000000000000e+00
4.333299994468688965e-01,0.000000000000000000e+00
6.110399961471557617e-01,0.000000000000000000e+00
1.415400058031082153e-01,0.000000000000000000e+00
6.960800290107727051e-01,0.000000000000000000e+00
5.687100291252136230e-01,0.000000000000000000e+00
4.504600167274475098e-02,0.000000000000000000e+00
7.962300181388854980e-01,0.000000000000000000e+00
