3.893100023269653320e-01,0.000000000000000000e+00
4.652599990367889404e-01,4.000000000000000000e+00
7.628300189971923828e-01,4.600000000000000000e+01
5.004900097846984863e-01,6.000000000000000000e+00
1.619300059974193573e-02,0.000000000000000000e+00
6.721900105476379395e-01,2.500000000000000000e+01
1.797100007534027100e-01,0.000000000000000000e+00
6.970800161361694336e-01,3.300000000000000000e+01
2.402099967002868652e-01,0.000000000000000000e+00
2.474900037050247192e-01,0.000000000000000000e+00
3.937700018286705017e-02,0.000000000000000000e+00
7.297099828720092773e-01,3.700000000000000000e+01
1.627999991178512573e-01,0.000000000000000000e+00
6.618600338697433472e-02,0.000000000000000000e+00
8.491100072860717773e-01,6.300000000000000000e+01
9.034600257873535156e-01,8.400000000000000000e+01
3.600600063800811768e-01,0.000000000000000000e+00
4.900699853897094727e-01,6.000000000000000000e+00
5.592399835586547852e-01,9.000000000000000000e+00
7.130500078201293945e-01,3.500000000000000000e+01
