2.466800063848495483e-01,5.700000000000000000e+01
2.180400071665644646e-03,0.000000000000000000e+00
2.854099869728088379e-01,5.700000000000000000e+01
9.980900287628173828e-01,1.036000000000000000e+03
7.313100099563598633e-01,4.370000000000000000e+02
8.674000203609466553e-02,0.000000000000000000e+00
1.599200069904327393e-01,8.000000000000000000e+00
2.989400029182434082e-01,5.700000000000000000e+01
4.839099943637847900e-01,1.620000000000000000e+02
7.872499823570251465e-01,4.430000000000000000e+02
2.242799997329711914e-01,1.800000000000000000e+01
6.271600127220153809e-01,4.270000000000000000e+02
8.062300086021423340e-01,4.910000000000000000e+02
8.081799745559692383e-01,4.920000000000000000e+02
7.803599834442138672e-01,4.430000000000000000e+02
5.174700021743774414e-01,2.360000000000000000e+02
7.796300053596496582e-01,4.430000000000000000e+02
9.670900106430053711e-01,1.032000000000000000e+03
5.488499999046325684e-01,4.130000000000000000e+02
8.103500008583068848e-01,4.920000000000000000e+02
