9.918500185012817383e-01,1.285000000000000000e+03
4.348100125789642334e-01,2.050000000000000000e+02
7.748600244522094727e-01,8.120000000000000000e+02
3.413299918174743652e-01,9.500000000000000000e+01
7.526199817657470703e-01,7.730000000000000000e+02
5.591300129890441895e-01,4.070000000000000000e+02
6.542199850082397461e-01,5.770000000000000000e+02
4.671399891376495361e-01,2.570000000000000000e+02
8.738800287246704102e-01,1.043000000000000000e+03
1.665199995040893555e-01,2.000000000000000000e+00
2.869899868965148926e-01,5.300000000000000000e+01
2.246900051832199097e-01,1.700000000000000000e+01
7.178900241851806641e-01,7.040000000000000000e+02
3.770700097084045410e-01,1.360000000000000000e+02
1.926600039005279541e-01,5.000000000000000000e+00
6.998599767684936523e-01,6.680000000000000000e+02
2.792200148105621338e-01,4.700000000000000000e+01
2.367600053548812866e-01,2.100000000000000000e+01
9.078699946403503418e-01,1.114000000000000000e+03
5.173500180244445801e-01,3.390000000000000000e+02
