4.378300011157989502e-01,1.512000000000000000e+03
8.373799920082092285e-02,3.400000000000000000e+02
8.538200259208679199e-01,2.484000000000000000e+03
7.776899933815002441e-01,2.310000000000000000e+03
9.097399711608886719e-01,2.593000000000000000e+03
5.457000136375427246e-01,1.850000000000000000e+03
2.832199931144714355e-01,1.066000000000000000e+03
3.089799880981445312e-01,1.144000000000000000e+03
3.103800117969512939e-01,1.146000000000000000e+03
4.495100080966949463e-01,1.540000000000000000e+03
9.544600248336791992e-01,2.724000000000000000e+03
7.998800277709960938e-01,2.370000000000000000e+03
3.911100029945373535e-01,1.400000000000000000e+03
8.393599987030029297e-01,2.459000000000000000e+03
7.632700353860855103e-02,3.330000000000000000e+02
1.174800023436546326e-01,5.020000000000000000e+02
2.675099968910217285e-01,1.054000000000000000e+03
1.569499969482421875e-01,6.390000000000000000e+02
5.505899786949157715e-01,1.862000000000000000e+03
5.437299981713294983e-02,2.160000000000000000e+02
