5.329200029373168945e-01,1.100000000000000000e+01
4.333499968051910400e-01,3.000000000000000000e+00
6.516000032424926758e-01,3.500000000000000000e+01
1.405300050973892212e-01,0.000000000000000000e+00
4.986700117588043213e-01,9.000000000000000000e+00
8.557800054550170898e-01,1.000000000000000000e+02
5.349900126457214355e-01,1.100000000000000000e+01
3.787600100040435791e-01,2.000000000000000000e+00
8.798300027847290039e-01,1.150000000000000000e+02
2.422399967908859253e-01,0.000000000000000000e+00
6.251099705696105957e-02,0.000000000000000000e+00
4.306600093841552734e-01,3.000000000000000000e+00
1.393699944019317627e-01,0.000000000000000000e+00
2.050999999046325684e-01,0.000000000000000000e+00
1.322200000286102295e-01,0.000000000000000000e+00
8.870599865913391113e-01,1.180000000000000000e+02
4.683000147342681885e-01,5.000000000000000000e+00
2.874299883842468262e-01,0.000000000000000000e+00
1.356599926948547363e-01,0.000000000000000000e+00
9.467300176620483398e-01,1.540000000000000000e+02
