7.599200010299682617e-01,1.299000000000000000e+03
3.457599878311157227e-02,0.000000000000000000e+00
8.808699846267700195e-01,1.567000000000000000e+03
4.422599971294403076e-01,4.930000000000000000e+02
4.300799965858459473e-01,4.630000000000000000e+02
7.504500150680541992e-01,1.278000000000000000e+03
1.419100016355514526e-01,5.000000000000000000e+00
6.786500215530395508e-01,1.103000000000000000e+03
1.736900061368942261e-01,1.600000000000000000e+01
6.043400168418884277e-01,9.240000000000000000e+02
2.150700055062770844e-02,0.000000000000000000e+00
7.369499802589416504e-01,1.241000000000000000e+03
7.687199711799621582e-01,1.321000000000000000e+03
1.429399996995925903e-01,5.000000000000000000e+00
7.694600224494934082e-01,1.322000000000000000e+03
5.702800154685974121e-01,8.210000000000000000e+02
4.893800020217895508e-01,6.230000000000000000e+02
5.035499930381774902e-01,6.610000000000000000e+02
5.673699975013732910e-01,8.150000000000000000e+02
2.327899932861328125e-01,6.000000000000000000e+01
