7.199199795722961426e-01,7.000000000000000000e+01
6.857799887657165527e-01,6.000000000000000000e+01
4.175100028514862061e-01,4.000000000000000000e+00
9.535300135612487793e-01,2.040000000000000000e+02
6.548299789428710938e-01,4.900000000000000000e+01
2.832500040531158447e-01,0.000000000000000000e+00
4.017100036144256592e-01,2.000000000000000000e+00
2.262499928474426270e-01,0.000000000000000000e+00
7.297300100326538086e-01,7.500000000000000000e+01
8.148800134658813477e-01,1.130000000000000000e+02
2.575399875640869141e-01,0.000000000000000000e+00
7.169399857521057129e-01,7.000000000000000000e+01
7.306299805641174316e-01,7.600000000000000000e+01
4.751200079917907715e-01,9.000000000000000000e+00
1.080600023269653320e-01,0.000000000000000000e+00
6.355199813842773438e-01,4.300000000000000000e+01
3.558099865913391113e-01,1.000000000000000000e+00
9.768099784851074219e-01,2.190000000000000000e+02
1.330900043249130249e-01,0.000000000000000000e+00
8.100900053977966309e-01,1.120000000000000000e+02
