3.764399886131286621e-01,1.680000000000000000e+02
8.451700210571289062e-01,1.171000000000000000e+03
8.189799785614013672e-01,1.122000000000000000e+03
8.811200261116027832e-01,1.251000000000000000e+03
1.206500008702278137e-01,0.000000000000000000e+00
3.132799863815307617e-01,7.800000000000000000e+01
1.604599952697753906e-01,2.000000000000000000e+00
8.357800245285034180e-01,1.157000000000000000e+03
8.268499970436096191e-01,1.134000000000000000e+03
8.162099719047546387e-01,1.118000000000000000e+03
5.477399826049804688e-01,4.960000000000000000e+02
2.360299974679946899e-01,2.100000000000000000e+01
3.194600045680999756e-01,8.900000000000000000e+01
4.568099975585937500e-01,3.000000000000000000e+02
3.586399853229522705e-01,1.480000000000000000e+02
7.177500128746032715e-01,8.930000000000000000e+02
5.628499984741210938e-01,5.410000000000000000e+02
6.613600254058837891e-01,7.730000000000000000e+02
2.046999931335449219e-01,7.000000000000000000e+00
6.585400104522705078e-01,7.690000000000000000e+02
