8.429099917411804199e-01,1.300000000000000000e+02
8.297700285911560059e-01,1.210000000000000000e+02
8.637300133705139160e-01,1.420000000000000000e+02
1.457599997520446777e-01,0.000000000000000000e+00
5.253399908542633057e-02,0.000000000000000000e+00
7.403299808502197266e-01,7.500000000000000000e+01
6.666300296783447266e-01,5.000000000000000000e+01
6.183900237083435059e-01,3.600000000000000000e+01
1.944799907505512238e-02,0.000000000000000000e+00
5.973600149154663086e-01,2.800000000000000000e+01
4.060700163245201111e-02,0.000000000000000000e+00
2.275599986314773560e-01,0.000000000000000000e+00
8.875100016593933105e-01,1.580000000000000000e+02
8.916000127792358398e-01,1.630000000000000000e+02
6.463400274515151978e-02,0.000000000000000000e+00
7.362800240516662598e-01,7.300000000000000000e+01
3.955000042915344238e-01,3.000000000000000000e+00
4.444200098514556885e-01,6.000000000000000000e+00
2.735100090503692627e-01,0.000000000000000000e+00
5.433599948883056641e-01,1.900000000000000000e+01
