5.047100186347961426e-01,0.000000000000000000e+00
6.589400172233581543e-01,0.000000000000000000e+00
7.864900231361389160e-01,2.000000000000000000e+00
1.446000039577484131e-01,0.000000000000000000e+00
4.756599962711334229e-01,0.000000000000000000e+00
7.328100204467773438e-01,0.000000000000000000e+00
2.754200100898742676e-01,0.000000000000000000e+00
9.279800057411193848e-01,4.000000000000000000e+00
2.736200094223022461e-01,0.000000000000000000e+00
7.829700112342834473e-01,2.000000000000000000e+00
6.975899636745452881e-02,0.000000000000000000e+00
8.942300081253051758e-01,3.000000000000000000e+00
1.301700025796890259e-01,0.000000000000000000e+00
5.428000092506408691e-01,0.000000000000000000e+00
8.992300033569335938e-01,3.000000000000000000e+00
2.594900131225585938e-01,0.000000000000000000e+00
1.003599986433982849e-01,0.000000000000000000e+00
8.806999921798706055e-01,3.000000000000000000e+00
5.965200066566467285e-01,0.000000000000000000e+00
8.385999798774719238e-01,3.000000000000000000e+00
