3.449799865484237671e-02,0.000000000000000000e+00
2.331500053405761719e-01,0.000000000000000000e+00
3.370499908924102783e-01,0.000000000000000000e+00
6.130200028419494629e-01,5.000000000000000000e+00
8.555099964141845703e-01,2.800000000000000000e+01
7.613400220870971680e-01,1.900000000000000000e+01
4.686099886894226074e-01,1.000000000000000000e+00
2.590399980545043945e-01,0.000000000000000000e+00
8.895699977874755859e-01,3.600000000000000000e+01
4.303199946880340576e-01,1.000000000000000000e+00
9.644899964332580566e-01,5.100000000000000000e+01
9.071999788284301758e-02,0.000000000000000000e+00
7.714700102806091309e-01,1.900000000000000000e+01
6.267099976539611816e-01,6.000000000000000000e+00
8.164899945259094238e-01,2.300000000000000000e+01
3.524099886417388916e-01,0.000000000000000000e+00
5.211799964308738708e-02,0.000000000000000000e+00
5.318400263786315918e-01,1.000000000000000000e+00
6.622999906539916992e-01,8.000000000000000000e+00
9.161099791526794434e-01,3.800000000000000000e+01
