3.474500030279159546e-02,0.000000000000000000e+00
2.077399939298629761e-01,0.000000000000000000e+00
2.562400102615356445e-01,0.000000000000000000e+00
2.093400061130523682e-02,0.000000000000000000e+00
3.875400125980377197e-01,0.000000000000000000e+00
2.898800075054168701e-01,0.000000000000000000e+00
4.886099994182586670e-01,0.000000000000000000e+00
9.985700249671936035e-01,1.300000000000000000e+01
3.462800085544586182e-01,0.000000000000000000e+00
8.899100124835968018e-02,0.000000000000000000e+00
1.094600036740303040e-01,0.000000000000000000e+00
6.087200045585632324e-01,0.000000000000000000e+00
9.452099800109863281e-01,7.000000000000000000e+00
7.998800277709960938e-01,2.000000000000000000e+00
6.833900213241577148e-01,0.000000000000000000e+00
1.559900045394897461e-01,0.000000000000000000e+00
6.870200037956237793e-01,0.000000000000000000e+00
6.465499848127365112e-02,0.000000000000000000e+00
1.999700069427490234e-01,0.000000000000000000e+00
4.284200072288513184e-01,0.000000000000000000e+00
