8.453000187873840332e-01,1.300000000000000000e+01
3.397299945354461670e-01,0.000000000000000000e+00
4.379200041294097900e-01,0.000000000000000000e+00
8.913300037384033203e-01,2.300000000000000000e+01
2.452699989080429077e-01,0.000000000000000000e+00
3.303500115871429443e-01,0.000000000000000000e+00
8.163999915122985840e-01,9.000000000000000000e+00
5.621600151062011719e-01,0.000000000000000000e+00
6.907600164413452148e-02,0.000000000000000000e+00
6.314899921417236328e-01,1.000000000000000000e+00
4.978899955749511719e-01,0.000000000000000000e+00
1.374800056219100952e-01,0.000000000000000000e+00
9.986000061035156250e-01,6.800000000000000000e+01
5.278900265693664551e-01,0.000000000000000000e+00
1.475699990987777710e-01,0.000000000000000000e+00
8.381100296974182129e-01,1.000000000000000000e+01
4.291300103068351746e-02,0.000000000000000000e+00
2.583100087940692902e-02,0.000000000000000000e+00
3.409200161695480347e-02,0.000000000000000000e+00
3.093700110912322998e-01,0.000000000000000000e+00
