9.611800312995910645e-02,0.000000000000000000e+00
6.430299878120422363e-01,1.000000000000000000e+00
8.380600214004516602e-01,8.000000000000000000e+00
4.138300120830535889e-01,0.000000000000000000e+00
7.077299952507019043e-01,1.000000000000000000e+00
9.768999814987182617e-01,2.900000000000000000e+01
4.562700092792510986e-01,0.000000000000000000e+00
8.775900006294250488e-01,9.000000000000000000e+00
4.337199926376342773e-01,0.000000000000000000e+00
2.675699889659881592e-01,0.000000000000000000e+00
9.462800025939941406e-01,2.400000000000000000e+01
9.126499891281127930e-01,1.400000000000000000e+01
6.157699972391128540e-02,0.000000000000000000e+00
6.504800170660018921e-02,0.000000000000000000e+00
5.074899792671203613e-01,0.000000000000000000e+00
4.777300059795379639e-01,0.000000000000000000e+00
8.244299888610839844e-01,7.000000000000000000e+00
4.868600070476531982e-01,0.000000000000000000e+00
5.209400057792663574e-01,0.000000000000000000e+00
4.161700010299682617e-01,0.000000000000000000e+00
