8.756800293922424316e-01,3.630000000000000000e+02
5.288199782371520996e-01,5.000000000000000000e+01
2.380300015211105347e-01,1.000000000000000000e+00
1.393900066614151001e-01,0.000000000000000000e+00
6.100500002503395081e-02,0.000000000000000000e+00
6.017400026321411133e-01,1.100000000000000000e+02
6.790999770164489746e-01,1.750000000000000000e+02
7.206799983978271484e-01,1.980000000000000000e+02
9.409300088882446289e-01,4.490000000000000000e+02
1.826899945735931396e-01,0.000000000000000000e+00
2.810499966144561768e-01,3.000000000000000000e+00
5.708199739456176758e-01,8.100000000000000000e+01
6.637099981307983398e-01,1.530000000000000000e+02
1.357399970293045044e-01,0.000000000000000000e+00
2.706899940967559814e-01,3.000000000000000000e+00
2.549999952316284180e-01,2.000000000000000000e+00
9.540399909019470215e-01,4.610000000000000000e+02
7.939400076866149902e-01,2.750000000000000000e+02
2.828199863433837891e-01,3.000000000000000000e+00
8.596900105476379395e-01,3.440000000000000000e+02
