6.164900064468383789e-01,0.000000000000000000e+00
8.364800214767456055e-01,1.000000000000000000e+00
4.445599913597106934e-01,0.000000000000000000e+00
7.256399989128112793e-01,0.000000000000000000e+00
7.237499952316284180e-01,0.000000000000000000e+00
5.858200192451477051e-01,0.000000000000000000e+00
3.009299933910369873e-01,0.000000000000000000e+00
6.047000288963317871e-01,0.000000000000000000e+00
4.051199853420257568e-01,0.000000000000000000e+00
8.785300254821777344e-01,1.000000000000000000e+00
5.941900014877319336e-01,0.000000000000000000e+00
8.781899809837341309e-01,1.000000000000000000e+00
1.728799939155578613e-01,0.000000000000000000e+00
9.362499713897705078e-01,1.000000000000000000e+00
7.773000001907348633e-02,0.000000000000000000e+00
4.205299913883209229e-01,0.000000000000000000e+00
2.818700075149536133e-01,0.000000000000000000e+00
5.014500021934509277e-01,0.000000000000000000e+00
1.702499985694885254e-01,0.000000000000000000e+00
9.595599770545959473e-01,2.000000000000000000e+00
