1.244999989867210388e-01,0.000000000000000000e+00
3.607799857854843140e-02,0.000000000000000000e+00
1.471700072288513184e-01,0.000000000000000000e+00
5.234599858522415161e-02,0.000000000000000000e+00
6.861600279808044434e-01,8.500000000000000000e+01
2.258100062608718872e-01,0.000000000000000000e+00
9.809299707412719727e-01,4.670000000000000000e+02
3.455800116062164307e-01,0.000000000000000000e+00
3.969399929046630859e-01,0.000000000000000000e+00
5.613700151443481445e-01,1.800000000000000000e+01
1.707800030708312988e-01,0.000000000000000000e+00
5.369899868965148926e-01,1.300000000000000000e+01
9.901900291442871094e-01,4.790000000000000000e+02
2.923800051212310791e-01,0.000000000000000000e+00
6.249099969863891602e-01,4.100000000000000000e+01
3.325600028038024902e-01,0.000000000000000000e+00
6.701999902725219727e-01,7.200000000000000000e+01
2.695299983024597168e-01,0.000000000000000000e+00
1.269000023603439331e-01,0.000000000000000000e+00
8.967700004577636719e-01,3.230000000000000000e+02
