1.936099976301193237e-01,2.000000000000000000e+00
8.674700260162353516e-01,5.660000000000000000e+02
7.949500083923339844e-01,5.420000000000000000e+02
2.013799920678138733e-02,0.000000000000000000e+00
6.279399991035461426e-01,1.850000000000000000e+02
5.640699863433837891e-01,1.630000000000000000e+02
5.928500294685363770e-01,1.830000000000000000e+02
7.596300244331359863e-01,5.410000000000000000e+02
1.222999989986419678e-01,1.000000000000000000e+00
1.534699946641921997e-01,1.000000000000000000e+00
4.831300079822540283e-01,1.580000000000000000e+02
8.103100061416625977e-01,5.480000000000000000e+02
8.383399844169616699e-01,5.640000000000000000e+02
8.042799830436706543e-01,5.450000000000000000e+02
3.519699871540069580e-01,5.100000000000000000e+01
9.110900163650512695e-01,5.680000000000000000e+02
2.304500043392181396e-01,5.000000000000000000e+00
8.717799782752990723e-01,5.660000000000000000e+02
3.223200142383575439e-01,5.000000000000000000e+01
3.192700147628784180e-01,5.000000000000000000e+01
