5.706400275230407715e-01,9.470000000000000000e+02
6.297699809074401855e-01,1.190000000000000000e+03
3.251099884510040283e-01,7.200000000000000000e+01
7.847899943590164185e-02,0.000000000000000000e+00
6.264100074768066406e-01,1.182000000000000000e+03
5.013700127601623535e-01,6.660000000000000000e+02
2.587600052356719971e-02,0.000000000000000000e+00
8.184999823570251465e-01,1.812000000000000000e+03
1.128100007772445679e-01,0.000000000000000000e+00
6.758700013160705566e-01,1.344000000000000000e+03
6.041600108146667480e-01,1.075000000000000000e+03
5.697799921035766602e-01,9.460000000000000000e+02
1.004299968481063843e-01,0.000000000000000000e+00
5.984299778938293457e-01,1.054000000000000000e+03
2.410500049591064453e-01,4.000000000000000000e+00
2.778899967670440674e-01,1.700000000000000000e+01
7.908800244331359863e-01,1.725000000000000000e+03
4.244000017642974854e-01,3.480000000000000000e+02
8.104000240564346313e-02,0.000000000000000000e+00
9.862499684095382690e-02,0.000000000000000000e+00
