1.725600063800811768e-01,8.440000000000000000e+02
1.959200054407119751e-01,9.540000000000000000e+02
8.103100061416625977e-01,2.721000000000000000e+03
7.612599730491638184e-01,2.615000000000000000e+03
6.524099707603454590e-01,2.378000000000000000e+03
3.886300027370452881e-01,1.686000000000000000e+03
3.569199889898300171e-02,1.000000000000000000e+01
3.192700147628784180e-01,1.462000000000000000e+03
2.013799920678138733e-02,0.000000000000000000e+00
5.728899836540222168e-01,2.184000000000000000e+03
9.901700168848037720e-02,4.120000000000000000e+02
6.705700159072875977e-01,2.414000000000000000e+03
3.165600001811981201e-01,1.455000000000000000e+03
9.082599878311157227e-01,2.924000000000000000e+03
1.346500068902969360e-01,6.400000000000000000e+02
8.713999986648559570e-01,2.850000000000000000e+03
9.319499880075454712e-02,3.610000000000000000e+02
2.881000041961669922e-01,1.344000000000000000e+03
5.105800032615661621e-01,2.032000000000000000e+03
9.090399742126464844e-02,3.480000000000000000e+02
