6.424400210380554199e-01,1.800000000000000000e+01
4.986000061035156250e-01,6.000000000000000000e+00
2.515500038862228394e-02,0.000000000000000000e+00
8.224300146102905273e-01,5.100000000000000000e+01
6.381899714469909668e-01,1.800000000000000000e+01
9.883400201797485352e-01,1.010000000000000000e+02
4.162800014019012451e-01,1.000000000000000000e+00
5.168600082397460938e-01,6.000000000000000000e+00
2.012400031089782715e-01,0.000000000000000000e+00
6.595100164413452148e-01,2.000000000000000000e+01
6.103299856185913086e-01,1.100000000000000000e+01
8.593199849128723145e-01,5.300000000000000000e+01
4.935399889945983887e-01,4.000000000000000000e+00
3.860000073909759521e-01,1.000000000000000000e+00
9.972100257873535156e-01,1.040000000000000000e+02
5.664100050926208496e-01,8.000000000000000000e+00
1.053700000047683716e-01,0.000000000000000000e+00
8.237900137901306152e-01,5.100000000000000000e+01
8.629199862480163574e-01,5.600000000000000000e+01
6.150500178337097168e-01,1.100000000000000000e+01
