6.741400063037872314e-02,0.000000000000000000e+00
8.013499975204467773e-01,2.820000000000000000e+02
9.237499833106994629e-01,4.220000000000000000e+02
3.746899962425231934e-01,1.500000000000000000e+01
5.192099809646606445e-01,6.700000000000000000e+01
1.057000011205673218e-01,0.000000000000000000e+00
6.795300245285034180e-01,1.530000000000000000e+02
7.387199997901916504e-01,2.130000000000000000e+02
1.943400055170059204e-01,0.000000000000000000e+00
3.993099927902221680e-01,2.300000000000000000e+01
4.637100100517272949e-01,4.500000000000000000e+01
1.963399946689605713e-01,0.000000000000000000e+00
1.248600035905838013e-01,0.000000000000000000e+00
4.060600101947784424e-01,2.500000000000000000e+01
5.153200030326843262e-01,6.600000000000000000e+01
6.532300263643264771e-02,0.000000000000000000e+00
5.361999869346618652e-01,7.500000000000000000e+01
3.279699981212615967e-01,8.000000000000000000e+00
3.432900011539459229e-01,1.000000000000000000e+01
1.606200039386749268e-01,0.000000000000000000e+00
