7.777299880981445312e-01,2.950000000000000000e+02
8.495900034904479980e-02,0.000000000000000000e+00
8.986200094223022461e-01,4.530000000000000000e+02
7.459100335836410522e-02,0.000000000000000000e+00
6.946300268173217773e-01,2.070000000000000000e+02
5.632699728012084961e-01,9.500000000000000000e+01
7.167099714279174805e-01,2.290000000000000000e+02
5.322899818420410156e-01,7.800000000000000000e+01
8.201000094413757324e-01,3.520000000000000000e+02
5.706599950790405273e-01,9.700000000000000000e+01
2.327499985694885254e-01,0.000000000000000000e+00
9.100800156593322754e-01,4.720000000000000000e+02
1.877599954605102539e-01,0.000000000000000000e+00
1.038300022482872009e-01,0.000000000000000000e+00
8.555799722671508789e-01,4.020000000000000000e+02
2.734700143337249756e-01,4.000000000000000000e+00
3.883000016212463379e-01,1.600000000000000000e+01
5.726499948650598526e-03,0.000000000000000000e+00
2.369299978017807007e-01,1.000000000000000000e+00
2.247699946165084839e-01,0.000000000000000000e+00
