6.052200198173522949e-01,1.200000000000000000e+01
1.529799997806549072e-01,0.000000000000000000e+00
2.127200067043304443e-01,0.000000000000000000e+00
6.111099943518638611e-02,0.000000000000000000e+00
7.572299838066101074e-01,3.800000000000000000e+01
4.958899915218353271e-01,4.000000000000000000e+00
4.372299835085868835e-02,0.000000000000000000e+00
8.008800148963928223e-01,5.300000000000000000e+01
4.245400056242942810e-02,0.000000000000000000e+00
5.235900282859802246e-01,6.000000000000000000e+00
4.170199930667877197e-01,1.000000000000000000e+00
7.146300077438354492e-01,2.900000000000000000e+01
8.469600081443786621e-01,6.200000000000000000e+01
4.237900078296661377e-01,2.000000000000000000e+00
3.543500006198883057e-01,0.000000000000000000e+00
4.062300026416778564e-01,0.000000000000000000e+00
7.648599743843078613e-01,4.100000000000000000e+01
3.225699961185455322e-01,0.000000000000000000e+00
6.826300024986267090e-01,2.200000000000000000e+01
9.092800319194793701e-02,0.000000000000000000e+00
