3.763799965381622314e-01,0.000000000000000000e+00
8.587300181388854980e-01,1.510000000000000000e+02
7.052299976348876953e-01,4.700000000000000000e+01
1.581899970769882202e-01,0.000000000000000000e+00
3.015699982643127441e-01,0.000000000000000000e+00
6.170300245285034180e-01,1.700000000000000000e+01
7.969099879264831543e-01,1.090000000000000000e+02
6.844800114631652832e-01,3.700000000000000000e+01
2.671700119972229004e-01,0.000000000000000000e+00
4.428800046443939209e-01,2.000000000000000000e+00
5.506899952888488770e-01,9.000000000000000000e+00
4.964499920606613159e-02,0.000000000000000000e+00
6.089099869132041931e-02,0.000000000000000000e+00
6.198899745941162109e-01,1.800000000000000000e+01
6.073899865150451660e-01,1.600000000000000000e+01
1.101899966597557068e-01,0.000000000000000000e+00
8.397499918937683105e-01,1.360000000000000000e+02
8.219699859619140625e-01,1.230000000000000000e+02
5.290200114250183105e-01,7.000000000000000000e+00
7.326800227165222168e-01,6.500000000000000000e+01
