6.562399864196777344e-01,1.400000000000000000e+01
4.951100051403045654e-01,2.000000000000000000e+00
4.585599899291992188e-01,0.000000000000000000e+00
4.675700068473815918e-01,0.000000000000000000e+00
4.612799882888793945e-01,0.000000000000000000e+00
1.984599977731704712e-01,0.000000000000000000e+00
7.102199792861938477e-01,2.300000000000000000e+01
5.810499787330627441e-01,3.000000000000000000e+00
3.569899871945381165e-02,0.000000000000000000e+00
9.912300109863281250e-01,1.750000000000000000e+02
6.193199753761291504e-01,8.000000000000000000e+00
9.852700233459472656e-01,1.720000000000000000e+02
2.939699888229370117e-01,0.000000000000000000e+00
9.821199774742126465e-01,1.710000000000000000e+02
6.053000092506408691e-01,7.000000000000000000e+00
6.772999763488769531e-01,1.600000000000000000e+01
5.904099941253662109e-01,5.000000000000000000e+00
2.987200021743774414e-01,0.000000000000000000e+00
3.924399912357330322e-01,0.000000000000000000e+00
2.426200062036514282e-01,0.000000000000000000e+00
