9.441300034523010254e-01,1.682000000000000000e+03
8.467199802398681641e-01,1.123000000000000000e+03
8.708900213241577148e-01,1.138000000000000000e+03
9.311500191688537598e-01,1.601000000000000000e+03
8.727599978446960449e-01,1.154000000000000000e+03
3.314200043678283691e-01,3.290000000000000000e+02
7.553899884223937988e-01,1.039000000000000000e+03
2.998799979686737061e-01,3.180000000000000000e+02
5.995000004768371582e-01,9.570000000000000000e+02
1.854899972677230835e-01,1.190000000000000000e+02
4.814999997615814209e-01,5.770000000000000000e+02
3.485600054264068604e-01,3.390000000000000000e+02
1.999000087380409241e-02,0.000000000000000000e+00
9.383100271224975586e-01,1.612000000000000000e+03
3.816800117492675781e-01,5.470000000000000000e+02
1.874199956655502319e-01,1.780000000000000000e+02
1.856400072574615479e-01,1.220000000000000000e+02
2.119700051844120026e-02,0.000000000000000000e+00
4.025300145149230957e-01,5.470000000000000000e+02
9.150699973106384277e-01,1.591000000000000000e+03
