4.797999858856201172e-01,1.618000000000000000e+03
5.044899880886077881e-02,1.000000000000000000e+00
1.336299926042556763e-01,1.510000000000000000e+02
8.609399795532226562e-01,2.579000000000000000e+03
8.651199936866760254e-01,2.588000000000000000e+03
1.538099953904747963e-03,0.000000000000000000e+00
2.592799961566925049e-01,8.060000000000000000e+02
7.344700098037719727e-01,2.296000000000000000e+03
3.292399942874908447e-01,1.095000000000000000e+03
9.339299798011779785e-02,2.100000000000000000e+01
5.105599761009216309e-01,1.717000000000000000e+03
3.621599972248077393e-01,1.221000000000000000e+03
8.313900232315063477e-01,2.516000000000000000e+03
4.420800134539604187e-02,0.000000000000000000e+00
1.435600072145462036e-01,2.120000000000000000e+02
5.175499916076660156e-01,1.738000000000000000e+03
5.354899764060974121e-01,1.788000000000000000e+03
6.788200139999389648e-01,2.168000000000000000e+03
7.489299774169921875e-01,2.338000000000000000e+03
7.969599962234497070e-01,2.444000000000000000e+03
