5.620399713516235352e-01,2.264000000000000000e+03
4.349400103092193604e-01,1.940000000000000000e+03
7.730299830436706543e-01,2.740000000000000000e+03
2.674300037324428558e-02,0.000000000000000000e+00
5.995000004768371582e-01,2.357000000000000000e+03
6.491600275039672852e-01,2.470000000000000000e+03
1.948599964380264282e-01,1.117000000000000000e+03
1.416199952363967896e-01,8.360000000000000000e+02
1.448300033807754517e-01,8.590000000000000000e+02
1.762000024318695068e-01,1.025000000000000000e+03
1.032700017094612122e-01,5.750000000000000000e+02
6.665199995040893555e-02,2.430000000000000000e+02
5.511400103569030762e-01,2.238000000000000000e+03
8.621799945831298828e-02,4.420000000000000000e+02
4.122099876403808594e-01,1.872000000000000000e+03
7.079899907112121582e-01,2.601000000000000000e+03
5.232499837875366211e-01,2.172000000000000000e+03
3.160400092601776123e-01,1.578000000000000000e+03
7.114800214767456055e-01,2.609000000000000000e+03
5.948000028729438782e-02,1.710000000000000000e+02
