8.059399724006652832e-01,2.755000000000000000e+03
2.875599861145019531e-01,1.400000000000000000e+03
6.364600062370300293e-01,2.379000000000000000e+03
6.575400233268737793e-01,2.436000000000000000e+03
9.112899899482727051e-01,2.972000000000000000e+03
9.951800107955932617e-01,3.134000000000000000e+03
5.268899798393249512e-01,2.114000000000000000e+03
4.362800121307373047e-01,1.864000000000000000e+03
5.266499891877174377e-02,3.500000000000000000e+01
2.797099947929382324e-01,1.371000000000000000e+03
8.409799933433532715e-01,2.828000000000000000e+03
2.089100033044815063e-01,1.069000000000000000e+03
2.198300063610076904e-01,1.126000000000000000e+03
3.237699866294860840e-01,1.526000000000000000e+03
9.203799962997436523e-01,2.992000000000000000e+03
5.164300203323364258e-01,2.087000000000000000e+03
1.943800002336502075e-01,1.009000000000000000e+03
6.367300152778625488e-01,2.381000000000000000e+03
5.842700004577636719e-01,2.258000000000000000e+03
1.220500022172927856e-01,5.730000000000000000e+02
