5.426700115203857422e-01,1.765000000000000000e+03
7.381600141525268555e-01,2.149000000000000000e+03
1.125200018286705017e-01,4.620000000000000000e+02
3.007600009441375732e-01,1.088000000000000000e+03
7.565000057220458984e-01,2.155000000000000000e+03
7.805600166320800781e-01,2.200000000000000000e+03
5.502099990844726562e-01,1.813000000000000000e+03
6.177200078964233398e-01,1.912000000000000000e+03
1.510699987411499023e-01,6.350000000000000000e+02
5.186300277709960938e-01,1.722000000000000000e+03
8.153499960899353027e-01,2.272000000000000000e+03
3.933700025081634521e-01,1.377000000000000000e+03
4.701099991798400879e-01,1.530000000000000000e+03
8.647699952125549316e-01,2.459000000000000000e+03
3.442499935626983643e-01,1.268000000000000000e+03
3.873499929904937744e-01,1.376000000000000000e+03
2.473399937152862549e-01,9.710000000000000000e+02
3.429099917411804199e-01,1.254000000000000000e+03
1.557999998331069946e-01,6.350000000000000000e+02
1.253399997949600220e-01,5.170000000000000000e+02
