9.371600151062011719e-01,1.445000000000000000e+03
9.068899750709533691e-01,1.423000000000000000e+03
5.999299883842468262e-02,3.000000000000000000e+00
9.893000125885009766e-02,1.900000000000000000e+01
4.671399891376495361e-01,4.420000000000000000e+02
3.240700066089630127e-01,2.250000000000000000e+02
3.685800135135650635e-01,4.300000000000000000e+02
6.446800231933593750e-01,8.020000000000000000e+02
4.142200052738189697e-01,4.300000000000000000e+02
2.002400010824203491e-01,1.040000000000000000e+02
3.200699985027313232e-01,2.250000000000000000e+02
4.020900130271911621e-01,4.300000000000000000e+02
9.081599861383438110e-02,1.100000000000000000e+01
4.562700092792510986e-01,4.420000000000000000e+02
7.754700183868408203e-01,8.480000000000000000e+02
3.629100024700164795e-01,4.190000000000000000e+02
8.669199943542480469e-01,9.480000000000000000e+02
3.016900122165679932e-01,2.190000000000000000e+02
7.526199817657470703e-01,8.480000000000000000e+02
7.367600202560424805e-01,8.480000000000000000e+02
