8.613200187683105469e-01,4.000000000000000000e+00
3.781200051307678223e-01,0.000000000000000000e+00
3.369100093841552734e-01,0.000000000000000000e+00
9.360600113868713379e-01,7.000000000000000000e+00
2.715399861335754395e-01,0.000000000000000000e+00
8.989400267601013184e-01,5.000000000000000000e+00
4.844700098037719727e-01,0.000000000000000000e+00
4.907500147819519043e-01,0.000000000000000000e+00
7.529500126838684082e-01,3.000000000000000000e+00
4.176099896430969238e-01,0.000000000000000000e+00
6.573699712753295898e-01,0.000000000000000000e+00
1.323399972170591354e-02,0.000000000000000000e+00
9.668400138616561890e-02,0.000000000000000000e+00
2.806299924850463867e-01,0.000000000000000000e+00
5.350099802017211914e-01,0.000000000000000000e+00
8.252000063657760620e-02,0.000000000000000000e+00
1.086499989032745361e-01,0.000000000000000000e+00
5.296700000762939453e-01,0.000000000000000000e+00
9.453900158405303955e-02,0.000000000000000000e+00
5.126800015568733215e-02,0.000000000000000000e+00
