8.184000253677368164e-01,1.821000000000000000e+03
1.820899993181228638e-01,1.720000000000000000e+02
5.024300143122673035e-02,0.000000000000000000e+00
5.815200209617614746e-01,1.265000000000000000e+03
7.906500250101089478e-02,8.000000000000000000e+00
6.013399958610534668e-01,1.339000000000000000e+03
7.471500039100646973e-01,1.675000000000000000e+03
9.846100211143493652e-01,2.238000000000000000e+03
2.655099928379058838e-01,3.780000000000000000e+02
1.552799940109252930e-01,1.120000000000000000e+02
2.051900029182434082e-01,2.170000000000000000e+02
5.377699732780456543e-01,1.130000000000000000e+03
8.111799955368041992e-01,1.809000000000000000e+03
5.785800218582153320e-01,1.253000000000000000e+03
6.780399940907955170e-03,0.000000000000000000e+00
2.076299935579299927e-01,2.190000000000000000e+02
7.927799969911575317e-02,8.000000000000000000e+00
5.555800199508666992e-01,1.177000000000000000e+03
6.266899704933166504e-01,1.391000000000000000e+03
3.832100033760070801e-01,7.270000000000000000e+02
