1.718299984931945801e-01,0.000000000000000000e+00
3.360300064086914062e-01,2.200000000000000000e+01
9.617900252342224121e-01,7.600000000000000000e+02
8.971099853515625000e-01,6.510000000000000000e+02
2.497400045394897461e-01,4.000000000000000000e+00
3.513300120830535889e-01,2.800000000000000000e+01
1.289200037717819214e-03,0.000000000000000000e+00
2.967999875545501709e-01,1.200000000000000000e+01
4.628999903798103333e-02,0.000000000000000000e+00
6.657599806785583496e-01,3.230000000000000000e+02
8.644800186157226562e-01,5.930000000000000000e+02
9.918300062417984009e-02,0.000000000000000000e+00
9.328100085258483887e-01,7.040000000000000000e+02
2.776300013065338135e-01,9.000000000000000000e+00
7.017900049686431885e-02,0.000000000000000000e+00
3.592100143432617188e-01,3.300000000000000000e+01
6.017299890518188477e-01,2.470000000000000000e+02
5.184600129723548889e-02,0.000000000000000000e+00
8.495000004768371582e-01,5.770000000000000000e+02
6.483700275421142578e-01,3.050000000000000000e+02
