6.715700030326843262e-02,6.000000000000000000e+00
4.263499975204467773e-01,4.610000000000000000e+02
7.442799806594848633e-01,9.240000000000000000e+02
8.407799899578094482e-02,1.500000000000000000e+01
7.977899909019470215e-01,9.990000000000000000e+02
9.284999966621398926e-01,1.629000000000000000e+03
6.625599861145019531e-01,8.640000000000000000e+02
5.150099992752075195e-01,7.750000000000000000e+02
6.779800057411193848e-01,8.640000000000000000e+02
4.490300118923187256e-01,4.750000000000000000e+02
9.116899967193603516e-01,1.513000000000000000e+03
3.148800134658813477e-01,2.570000000000000000e+02
5.502200126647949219e-01,8.420000000000000000e+02
7.814199924468994141e-01,9.860000000000000000e+02
1.005600020289421082e-01,2.800000000000000000e+01
4.050100147724151611e-01,4.610000000000000000e+02
8.004199862480163574e-01,1.000000000000000000e+03
7.755299806594848633e-01,9.590000000000000000e+02
7.185999751091003418e-01,9.220000000000000000e+02
2.898100018501281738e-01,2.480000000000000000e+02
