4.473699927330017090e-01,5.000000000000000000e+00
3.420599922537803650e-02,0.000000000000000000e+00
5.614500045776367188e-01,8.000000000000000000e+00
2.360000014305114746e-01,0.000000000000000000e+00
2.801599912345409393e-02,0.000000000000000000e+00
7.374299764633178711e-01,5.400000000000000000e+01
8.193399906158447266e-01,7.700000000000000000e+01
4.116399884223937988e-01,4.000000000000000000e+00
5.748999714851379395e-01,1.000000000000000000e+01
9.215199947357177734e-01,1.110000000000000000e+02
8.821099996566772461e-01,9.600000000000000000e+01
4.111000001430511475e-01,4.000000000000000000e+00
6.673099994659423828e-01,3.300000000000000000e+01
5.438100099563598633e-01,7.000000000000000000e+00
4.922400116920471191e-01,7.000000000000000000e+00
4.141199886798858643e-01,4.000000000000000000e+00
5.008900165557861328e-02,0.000000000000000000e+00
5.223000049591064453e-01,7.000000000000000000e+00
3.955099880695343018e-01,4.000000000000000000e+00
9.077699780464172363e-01,1.040000000000000000e+02
