7.396199703216552734e-01,2.703000000000000000e+03
9.543899893760681152e-01,3.134000000000000000e+03
5.904899835586547852e-01,2.371000000000000000e+03
8.679100275039672852e-01,2.965000000000000000e+03
5.690199732780456543e-01,2.319000000000000000e+03
2.162899971008300781e-01,1.263000000000000000e+03
1.280200034379959106e-01,8.250000000000000000e+02
6.134200096130371094e-01,2.424000000000000000e+03
7.734599709510803223e-01,2.774000000000000000e+03
5.928599834442138672e-01,2.376000000000000000e+03
4.566799998283386230e-01,2.036000000000000000e+03
9.610099792480468750e-01,3.146000000000000000e+03
2.767800092697143555e-01,1.493000000000000000e+03
2.819800004363059998e-02,0.000000000000000000e+00
1.391000002622604370e-01,8.930000000000000000e+02
5.387499928474426270e-01,2.247000000000000000e+03
3.534600138664245605e-02,0.000000000000000000e+00
3.841699957847595215e-01,1.835000000000000000e+03
4.979000091552734375e-01,2.144000000000000000e+03
6.317700147628784180e-01,2.467000000000000000e+03
