9.279599785804748535e-01,8.600000000000000000e+01
3.912400007247924805e-01,2.000000000000000000e+00
8.391900062561035156e-01,6.400000000000000000e+01
5.727800130844116211e-01,1.100000000000000000e+01
4.053399860858917236e-01,2.000000000000000000e+00
9.373899549245834351e-03,0.000000000000000000e+00
9.932399988174438477e-01,1.160000000000000000e+02
9.388700127601623535e-01,9.400000000000000000e+01
1.098000034689903259e-01,0.000000000000000000e+00
3.873299956321716309e-01,2.000000000000000000e+00
9.103900194168090820e-01,8.400000000000000000e+01
7.468900084495544434e-01,4.000000000000000000e+01
3.074499964714050293e-01,0.000000000000000000e+00
3.781500086188316345e-02,0.000000000000000000e+00
7.089999914169311523e-01,3.400000000000000000e+01
2.888599969446659088e-02,0.000000000000000000e+00
5.443599820137023926e-01,9.000000000000000000e+00
9.223899841308593750e-01,8.600000000000000000e+01
5.476899743080139160e-01,9.000000000000000000e+00
9.026700258255004883e-02,0.000000000000000000e+00
