2.018499970436096191e-01,0.000000000000000000e+00
8.679500222206115723e-01,6.000000000000000000e+00
5.069000124931335449e-01,0.000000000000000000e+00
5.512400269508361816e-01,0.000000000000000000e+00
8.105000257492065430e-01,4.000000000000000000e+00
5.437899827957153320e-01,0.000000000000000000e+00
7.060999870300292969e-01,1.000000000000000000e+00
8.409299850463867188e-01,5.000000000000000000e+00
6.516500115394592285e-01,1.000000000000000000e+00
1.910800039768218994e-01,0.000000000000000000e+00
4.476700127124786377e-01,0.000000000000000000e+00
2.831600010395050049e-01,0.000000000000000000e+00
5.106199905276298523e-02,0.000000000000000000e+00
5.569700151681900024e-02,0.000000000000000000e+00
5.881499871611595154e-02,0.000000000000000000e+00
7.742299884557723999e-02,0.000000000000000000e+00
7.333700060844421387e-01,2.000000000000000000e+00
5.124199986457824707e-01,0.000000000000000000e+00
9.953299760818481445e-01,1.800000000000000000e+01
6.899600028991699219e-01,1.000000000000000000e+00
