5.519599914550781250e-01,1.000000000000000000e+00
8.690000176429748535e-01,2.700000000000000000e+01
2.059900015592575073e-01,0.000000000000000000e+00
5.564100146293640137e-01,1.000000000000000000e+00
3.796199858188629150e-01,0.000000000000000000e+00
5.406100153923034668e-01,1.000000000000000000e+00
1.630800068378448486e-01,0.000000000000000000e+00
3.937200177460908890e-03,0.000000000000000000e+00
2.736699879169464111e-01,0.000000000000000000e+00
3.384900093078613281e-01,0.000000000000000000e+00
1.225199997425079346e-01,0.000000000000000000e+00
8.681399822235107422e-01,2.700000000000000000e+01
3.755199909210205078e-01,0.000000000000000000e+00
8.240399956703186035e-01,2.300000000000000000e+01
1.024999991059303284e-01,0.000000000000000000e+00
9.550499916076660156e-02,0.000000000000000000e+00
2.669500112533569336e-01,0.000000000000000000e+00
7.362800240516662598e-01,1.200000000000000000e+01
8.875100016593933105e-01,3.400000000000000000e+01
8.040900230407714844e-01,1.900000000000000000e+01
