5.141000151634216309e-01,1.164000000000000000e+03
5.872799754142761230e-01,1.365000000000000000e+03
9.611800312995910645e-02,1.000000000000000000e+00
4.777300059795379639e-01,1.048000000000000000e+03
6.269500255584716797e-01,1.482000000000000000e+03
7.038000226020812988e-01,1.670000000000000000e+03
1.567199975252151489e-01,6.600000000000000000e+01
6.843900084495544434e-01,1.617000000000000000e+03
9.311800003051757812e-01,2.205000000000000000e+03
5.074899792671203613e-01,1.140000000000000000e+03
8.244299888610839844e-01,1.957000000000000000e+03
6.129900217056274414e-01,1.436000000000000000e+03
2.068900018930435181e-01,1.990000000000000000e+02
4.050600156188011169e-02,0.000000000000000000e+00
4.947800040245056152e-01,1.098000000000000000e+03
1.370200067758560181e-01,3.200000000000000000e+01
1.000399980694055557e-02,0.000000000000000000e+00
4.997200071811676025e-01,1.117000000000000000e+03
4.227399826049804688e-02,0.000000000000000000e+00
1.516299992799758911e-01,5.700000000000000000e+01
