8.199599981307983398e-01,8.830000000000000000e+02
1.204899996519088745e-01,2.200000000000000000e+01
3.969399929046630859e-01,3.630000000000000000e+02
6.753800064325332642e-02,4.000000000000000000e+00
9.684900045394897461e-01,1.488000000000000000e+03
3.291099965572357178e-01,1.840000000000000000e+02
4.246999919414520264e-01,3.630000000000000000e+02
8.756399750709533691e-01,1.336000000000000000e+03
4.573800042271614075e-02,0.000000000000000000e+00
9.890099763870239258e-01,1.490000000000000000e+03
2.913300096988677979e-01,1.730000000000000000e+02
3.537299856543540955e-02,0.000000000000000000e+00
7.509499788284301758e-01,7.910000000000000000e+02
1.012599989771842957e-01,1.500000000000000000e+01
6.911500096321105957e-01,7.620000000000000000e+02
1.050499975681304932e-01,1.500000000000000000e+01
8.766899704933166504e-01,1.336000000000000000e+03
3.090699948370456696e-02,0.000000000000000000e+00
3.154999911785125732e-01,1.790000000000000000e+02
5.130400061607360840e-01,6.810000000000000000e+02
