4.240599870681762695e-01,1.000000000000000000e+00
4.189899936318397522e-02,0.000000000000000000e+00
3.182699903845787048e-02,0.000000000000000000e+00
8.277800083160400391e-01,2.600000000000000000e+01
1.233599986881017685e-02,0.000000000000000000e+00
4.130899906158447266e-01,1.000000000000000000e+00
1.433199942111968994e-01,0.000000000000000000e+00
9.950100183486938477e-01,6.700000000000000000e+01
5.814999938011169434e-01,5.000000000000000000e+00
2.561199963092803955e-01,0.000000000000000000e+00
8.890699744224548340e-01,3.700000000000000000e+01
2.528199851512908936e-01,0.000000000000000000e+00
7.241399884223937988e-01,1.200000000000000000e+01
2.985499985516071320e-02,0.000000000000000000e+00
4.708499908447265625e-01,1.000000000000000000e+00
8.832200169563293457e-01,3.600000000000000000e+01
9.457200169563293457e-01,4.600000000000000000e+01
4.407300055027008057e-01,1.000000000000000000e+00
3.448700010776519775e-01,0.000000000000000000e+00
4.987100064754486084e-01,1.000000000000000000e+00
