2.471600025892257690e-01,5.000000000000000000e+00
6.727399826049804688e-01,2.530000000000000000e+02
4.000299870967864990e-01,3.900000000000000000e+01
7.857599854469299316e-01,3.890000000000000000e+02
1.481699943542480469e-01,0.000000000000000000e+00
8.224200010299682617e-01,4.390000000000000000e+02
3.359299898147583008e-01,1.600000000000000000e+01
6.603800226002931595e-03,0.000000000000000000e+00
7.561500072479248047e-01,3.470000000000000000e+02
3.028300106525421143e-01,1.000000000000000000e+01
6.529800295829772949e-01,2.340000000000000000e+02
1.496299952268600464e-01,0.000000000000000000e+00
2.163099944591522217e-01,2.000000000000000000e+00
7.188000082969665527e-01,3.030000000000000000e+02
9.977499842643737793e-01,7.010000000000000000e+02
3.056899905204772949e-01,1.000000000000000000e+01
5.386000275611877441e-01,1.260000000000000000e+02
9.472799897193908691e-01,6.220000000000000000e+02
2.151799947023391724e-01,2.000000000000000000e+00
8.112900257110595703e-01,4.240000000000000000e+02
