2.061000019311904907e-01,1.000000000000000000e+00
3.297800123691558838e-01,5.000000000000000000e+00
6.701700091361999512e-01,1.620000000000000000e+02
3.243100047111511230e-01,5.000000000000000000e+00
7.562500238418579102e-01,2.300000000000000000e+02
5.748100280761718750e-01,8.600000000000000000e+01
1.739200055599212646e-01,1.000000000000000000e+00
7.178099751472473145e-01,2.000000000000000000e+02
3.691700100898742676e-01,1.300000000000000000e+01
5.876700282096862793e-01,9.200000000000000000e+01
4.526999890804290771e-01,3.100000000000000000e+01
7.796700000762939453e-01,2.510000000000000000e+02
8.389700055122375488e-01,3.200000000000000000e+02
2.033800035715103149e-01,1.000000000000000000e+00
8.901399970054626465e-01,3.730000000000000000e+02
2.940199971199035645e-01,1.000000000000000000e+00
5.311099886894226074e-01,6.000000000000000000e+01
6.187700033187866211e-01,1.140000000000000000e+02
2.680799961090087891e-01,1.000000000000000000e+00
4.653399884700775146e-01,3.600000000000000000e+01
