8.075699806213378906e-01,1.160000000000000000e+02
9.609500169754028320e-01,2.210000000000000000e+02
3.621900081634521484e-02,0.000000000000000000e+00
1.124600023031234741e-01,0.000000000000000000e+00
2.108599990606307983e-01,0.000000000000000000e+00
7.329599857330322266e-01,7.700000000000000000e+01
8.994899988174438477e-01,1.670000000000000000e+02
4.830799996852874756e-01,1.000000000000000000e+01
1.589599996805191040e-01,0.000000000000000000e+00
4.202600121498107910e-01,5.000000000000000000e+00
3.525300025939941406e-01,0.000000000000000000e+00
8.270800113677978516e-01,1.200000000000000000e+02
7.061399817466735840e-01,6.400000000000000000e+01
5.115299820899963379e-01,1.400000000000000000e+01
5.045199990272521973e-01,1.100000000000000000e+01
6.170099973678588867e-02,0.000000000000000000e+00
9.134399890899658203e-01,1.800000000000000000e+02
5.506500005722045898e-01,2.100000000000000000e+01
9.906799793243408203e-01,2.360000000000000000e+02
6.654099822044372559e-01,5.000000000000000000e+01
