2.961300015449523926e-01,3.280000000000000000e+02
4.563199877738952637e-01,6.670000000000000000e+02
5.783600211143493652e-01,9.400000000000000000e+02
3.043600022792816162e-01,3.380000000000000000e+02
1.538999974727630615e-01,1.010000000000000000e+02
4.387899935245513916e-01,5.780000000000000000e+02
7.987999916076660156e-01,1.522000000000000000e+03
8.780699968338012695e-01,1.702000000000000000e+03
9.655900001525878906e-01,1.790000000000000000e+03
1.054000034928321838e-01,3.500000000000000000e+01
7.168599963188171387e-01,1.136000000000000000e+03
3.233099877834320068e-01,5.010000000000000000e+02
3.134700059890747070e-01,4.150000000000000000e+02
8.935899734497070312e-01,1.718000000000000000e+03
7.208700180053710938e-01,1.145000000000000000e+03
8.567299842834472656e-01,1.599000000000000000e+03
3.506299853324890137e-02,0.000000000000000000e+00
2.991999983787536621e-01,3.280000000000000000e+02
4.677699878811836243e-02,2.000000000000000000e+00
5.211399793624877930e-01,9.030000000000000000e+02
