8.232799768447875977e-01,7.660000000000000000e+02
2.525300085544586182e-01,1.600000000000000000e+01
5.469200015068054199e-01,2.770000000000000000e+02
9.133599996566772461e-01,9.290000000000000000e+02
1.621000021696090698e-01,0.000000000000000000e+00
4.427199959754943848e-01,1.460000000000000000e+02
1.022699996829032898e-01,0.000000000000000000e+00
3.424699902534484863e-01,5.200000000000000000e+01
9.254999756813049316e-01,9.500000000000000000e+02
2.219199985265731812e-01,4.000000000000000000e+00
3.427000045776367188e-01,5.200000000000000000e+01
5.674099922180175781e-01,3.140000000000000000e+02
7.317700237035751343e-02,0.000000000000000000e+00
5.565999746322631836e-01,2.970000000000000000e+02
9.406599998474121094e-01,9.780000000000000000e+02
7.069200277328491211e-02,0.000000000000000000e+00
2.522099912166595459e-01,1.500000000000000000e+01
8.662499785423278809e-01,8.320000000000000000e+02
9.541400074958801270e-01,1.002000000000000000e+03
3.492499887943267822e-01,5.700000000000000000e+01
