9.581099748611450195e-01,1.270000000000000000e+02
8.977800011634826660e-01,9.600000000000000000e+01
8.555700182914733887e-01,8.500000000000000000e+01
8.904100060462951660e-01,9.600000000000000000e+01
9.204599857330322266e-01,1.100000000000000000e+02
3.193100169301033020e-02,0.000000000000000000e+00
9.959499835968017578e-01,1.510000000000000000e+02
9.809700250625610352e-01,1.430000000000000000e+02
3.707199990749359131e-01,0.000000000000000000e+00
1.087699979543685913e-01,0.000000000000000000e+00
9.370999932289123535e-01,1.200000000000000000e+02
6.666799783706665039e-01,3.700000000000000000e+01
1.097500026226043701e-01,0.000000000000000000e+00
1.196700036525726318e-01,0.000000000000000000e+00
6.684300303459167480e-02,0.000000000000000000e+00
1.260900050401687622e-01,0.000000000000000000e+00
2.276400029659271240e-01,0.000000000000000000e+00
7.404299974441528320e-01,5.400000000000000000e+01
3.396799862384796143e-01,0.000000000000000000e+00
1.380400061607360840e-01,0.000000000000000000e+00
