4.309799969196319580e-01,3.200000000000000000e+01
1.398500055074691772e-01,0.000000000000000000e+00
7.201200127601623535e-01,5.040000000000000000e+02
6.162400245666503906e-01,2.470000000000000000e+02
1.060400009155273438e-01,0.000000000000000000e+00
3.921799957752227783e-01,1.700000000000000000e+01
8.459399640560150146e-02,0.000000000000000000e+00
1.929499953985214233e-01,0.000000000000000000e+00
9.471600055694580078e-01,1.139000000000000000e+03
5.109699964523315430e-01,9.800000000000000000e+01
9.969599843025207520e-01,1.275000000000000000e+03
8.191700279712677002e-02,0.000000000000000000e+00
6.586099863052368164e-01,3.450000000000000000e+02
8.952999711036682129e-01,9.760000000000000000e+02
9.979199767112731934e-01,1.279000000000000000e+03
8.754900097846984863e-01,9.220000000000000000e+02
6.507599949836730957e-01,3.290000000000000000e+02
8.402500152587890625e-01,8.300000000000000000e+02
1.407200004905462265e-02,0.000000000000000000e+00
4.384799897670745850e-01,3.400000000000000000e+01
