6.638100147247314453e-01,2.401000000000000000e+03
6.691200137138366699e-01,2.415000000000000000e+03
5.782899856567382812e-01,2.198000000000000000e+03
2.023700065910816193e-02,1.600000000000000000e+01
5.795799940824508667e-02,2.150000000000000000e+02
2.828199863433837891e-01,1.321000000000000000e+03
2.669099867343902588e-01,1.254000000000000000e+03
1.284800022840499878e-01,6.410000000000000000e+02
6.104099750518798828e-01,2.269000000000000000e+03
9.350100159645080566e-02,4.320000000000000000e+02
1.627099961042404175e-01,8.150000000000000000e+02
2.750299870967864990e-01,1.290000000000000000e+03
7.040299773216247559e-01,2.490000000000000000e+03
1.292099952697753906e-01,6.450000000000000000e+02
9.423199892044067383e-01,2.991000000000000000e+03
5.751299858093261719e-01,2.191000000000000000e+03
9.996299743652343750e-01,3.107000000000000000e+03
6.800100207328796387e-01,2.437000000000000000e+03
9.474599957466125488e-01,3.004000000000000000e+03
8.253800272941589355e-01,2.750000000000000000e+03
