3.838399946689605713e-01,0.000000000000000000e+00
5.123999714851379395e-01,1.000000000000000000e+00
5.870500206947326660e-01,4.000000000000000000e+00
5.870400071144104004e-01,4.000000000000000000e+00
6.169899702072143555e-01,8.000000000000000000e+00
7.553799748420715332e-01,4.200000000000000000e+01
5.703999996185302734e-01,3.000000000000000000e+00
7.907400131225585938e-01,5.400000000000000000e+01
7.760599851608276367e-01,4.900000000000000000e+01
7.652699947357177734e-01,4.600000000000000000e+01
7.229499816894531250e-01,3.300000000000000000e+01
6.075199842453002930e-01,8.000000000000000000e+00
8.970299959182739258e-01,1.140000000000000000e+02
5.434200167655944824e-01,2.000000000000000000e+00
6.292999982833862305e-01,1.300000000000000000e+01
2.174099981784820557e-01,0.000000000000000000e+00
1.830499991774559021e-02,0.000000000000000000e+00
8.999800086021423340e-01,1.160000000000000000e+02
5.846400260925292969e-01,4.000000000000000000e+00
1.208999976515769958e-01,0.000000000000000000e+00
