4.191600084304809570e-01,0.000000000000000000e+00
9.365000128746032715e-01,1.220000000000000000e+02
4.505400061607360840e-01,1.000000000000000000e+00
8.638799786567687988e-01,7.700000000000000000e+01
2.141599953174591064e-01,0.000000000000000000e+00
9.459300041198730469e-01,1.290000000000000000e+02
6.172299981117248535e-01,1.000000000000000000e+01
4.332000017166137695e-01,1.000000000000000000e+00
4.607599973678588867e-02,0.000000000000000000e+00
6.755700111389160156e-01,1.700000000000000000e+01
4.622600078582763672e-01,1.000000000000000000e+00
6.301100254058837891e-01,1.000000000000000000e+01
2.676199972629547119e-01,0.000000000000000000e+00
4.870899915695190430e-01,2.000000000000000000e+00
5.694199800491333008e-01,6.000000000000000000e+00
5.461599826812744141e-01,4.000000000000000000e+00
2.316800057888031006e-01,0.000000000000000000e+00
3.116700053215026855e-01,0.000000000000000000e+00
2.543599903583526611e-01,0.000000000000000000e+00
2.597199976444244385e-01,0.000000000000000000e+00
