7.049499750137329102e-01,3.000000000000000000e+00
3.917100131511688232e-01,0.000000000000000000e+00
5.591700077056884766e-01,0.000000000000000000e+00
9.780200123786926270e-01,2.000000000000000000e+01
8.138999938964843750e-01,5.000000000000000000e+00
5.826600193977355957e-01,0.000000000000000000e+00
6.131600141525268555e-01,0.000000000000000000e+00
7.118600010871887207e-01,3.000000000000000000e+00
4.040000140666961670e-01,0.000000000000000000e+00
5.472699999809265137e-01,0.000000000000000000e+00
5.280299782752990723e-01,0.000000000000000000e+00
7.258300185203552246e-01,3.000000000000000000e+00
8.493999838829040527e-01,7.000000000000000000e+00
8.162299990653991699e-01,5.000000000000000000e+00
5.705299973487854004e-01,0.000000000000000000e+00
1.544599980115890503e-01,0.000000000000000000e+00
7.421900033950805664e-01,4.000000000000000000e+00
9.670600295066833496e-01,1.900000000000000000e+01
5.657500028610229492e-01,0.000000000000000000e+00
1.225500032305717468e-01,0.000000000000000000e+00
