6.075000166893005371e-01,2.050000000000000000e+02
7.868199944496154785e-01,2.480000000000000000e+02
6.002900004386901855e-02,0.000000000000000000e+00
7.552400231361389160e-01,2.470000000000000000e+02
8.958399891853332520e-01,6.730000000000000000e+02
9.584599733352661133e-01,7.210000000000000000e+02
3.244900107383728027e-01,2.200000000000000000e+01
5.342400074005126953e-01,2.000000000000000000e+02
3.389100134372711182e-01,5.900000000000000000e+01
8.922100067138671875e-02,0.000000000000000000e+00
2.930699884891510010e-01,2.200000000000000000e+01
5.148500204086303711e-01,1.990000000000000000e+02
5.049299821257591248e-02,0.000000000000000000e+00
5.334299802780151367e-01,1.990000000000000000e+02
3.653999865055084229e-01,6.100000000000000000e+01
2.320999950170516968e-01,9.000000000000000000e+00
7.772700190544128418e-01,2.470000000000000000e+02
4.108900129795074463e-01,6.100000000000000000e+01
7.055500149726867676e-02,0.000000000000000000e+00
7.084000110626220703e-01,2.100000000000000000e+02
