3.118999898433685303e-01,2.600000000000000000e+01
1.404000073671340942e-01,0.000000000000000000e+00
3.688200116157531738e-01,7.500000000000000000e+01
7.413399815559387207e-01,2.400000000000000000e+02
7.203699946403503418e-01,2.360000000000000000e+02
2.143799960613250732e-01,8.000000000000000000e+00
3.738099932670593262e-01,7.500000000000000000e+01
6.978899836540222168e-01,2.350000000000000000e+02
2.414900064468383789e-01,8.000000000000000000e+00
6.323699951171875000e-01,2.350000000000000000e+02
3.811300098896026611e-01,7.500000000000000000e+01
4.125899821519851685e-02,0.000000000000000000e+00
5.958099961280822754e-01,2.350000000000000000e+02
9.290999770164489746e-01,7.020000000000000000e+02
1.803099960088729858e-01,3.000000000000000000e+00
4.407599866390228271e-01,7.500000000000000000e+01
9.233800172805786133e-01,7.020000000000000000e+02
8.258100152015686035e-01,2.400000000000000000e+02
3.411700129508972168e-01,2.600000000000000000e+01
2.684400081634521484e-01,2.600000000000000000e+01
