7.423700094223022461e-01,1.020000000000000000e+02
9.392700195312500000e-01,4.710000000000000000e+02
5.550900101661682129e-01,1.000000000000000000e+02
6.712800264358520508e-01,1.000000000000000000e+02
7.018300294876098633e-01,1.010000000000000000e+02
2.217700034379959106e-01,1.000000000000000000e+00
8.288000226020812988e-01,2.200000000000000000e+02
2.632099986076354980e-01,1.000000000000000000e+01
8.068600296974182129e-01,1.180000000000000000e+02
9.741899967193603516e-01,4.720000000000000000e+02
5.248200297355651855e-01,9.900000000000000000e+01
2.176699936389923096e-01,1.000000000000000000e+00
8.085200190544128418e-01,1.180000000000000000e+02
5.259900093078613281e-01,9.900000000000000000e+01
6.420400142669677734e-01,1.000000000000000000e+02
2.282699942588806152e-01,1.000000000000000000e+00
7.646399736404418945e-01,1.170000000000000000e+02
1.404000073671340942e-01,0.000000000000000000e+00
4.764200001955032349e-02,0.000000000000000000e+00
5.304499864578247070e-01,9.900000000000000000e+01
