3.577800095081329346e-01,1.000000000000000000e+00
9.699199795722961426e-01,1.860000000000000000e+02
8.268899917602539062e-01,9.600000000000000000e+01
8.114899992942810059e-01,9.400000000000000000e+01
3.574500083923339844e-01,1.000000000000000000e+00
3.695400059223175049e-01,2.000000000000000000e+00
7.385600209236145020e-01,6.600000000000000000e+01
2.639900147914886475e-01,0.000000000000000000e+00
7.340000271797180176e-01,6.600000000000000000e+01
3.004600107669830322e-01,0.000000000000000000e+00
6.155400276184082031e-01,2.700000000000000000e+01
4.059199988842010498e-01,3.000000000000000000e+00
4.955100119113922119e-01,1.100000000000000000e+01
4.692600071430206299e-01,7.000000000000000000e+00
3.745099902153015137e-01,2.000000000000000000e+00
6.320999860763549805e-01,3.400000000000000000e+01
8.476999998092651367e-01,1.080000000000000000e+02
6.464599967002868652e-01,3.800000000000000000e+01
3.057500123977661133e-01,0.000000000000000000e+00
7.756500244140625000e-01,7.700000000000000000e+01
