1.377699971199035645e-01,0.000000000000000000e+00
9.630100131034851074e-01,8.000000000000000000e+00
5.427799820899963379e-01,0.000000000000000000e+00
6.266199797391891479e-02,0.000000000000000000e+00
3.814499974250793457e-01,0.000000000000000000e+00
2.586999908089637756e-02,0.000000000000000000e+00
6.229500174522399902e-01,0.000000000000000000e+00
1.324599981307983398e-01,0.000000000000000000e+00
7.470200061798095703e-01,2.000000000000000000e+00
3.724400103092193604e-01,0.000000000000000000e+00
1.162199974060058594e-01,0.000000000000000000e+00
1.080600023269653320e-01,0.000000000000000000e+00
1.349200010299682617e-01,0.000000000000000000e+00
1.218499988317489624e-01,0.000000000000000000e+00
6.027299761772155762e-01,0.000000000000000000e+00
1.259799953550100327e-02,0.000000000000000000e+00
8.532900214195251465e-01,6.000000000000000000e+00
6.129900217056274414e-01,0.000000000000000000e+00
6.320000290870666504e-01,0.000000000000000000e+00
6.535400152206420898e-01,0.000000000000000000e+00
