3.214100003242492676e-01,0.000000000000000000e+00
8.252699971199035645e-01,4.570000000000000000e+02
6.911200284957885742e-01,2.240000000000000000e+02
3.056499958038330078e-01,0.000000000000000000e+00
8.583700060844421387e-01,5.250000000000000000e+02
1.363700032234191895e-01,0.000000000000000000e+00
8.161599934101104736e-02,0.000000000000000000e+00
1.804300025105476379e-02,0.000000000000000000e+00
6.974499821662902832e-01,2.310000000000000000e+02
2.486499994993209839e-01,0.000000000000000000e+00
1.298300027847290039e-01,0.000000000000000000e+00
9.425699710845947266e-02,0.000000000000000000e+00
5.950199961662292480e-01,9.100000000000000000e+01
7.292299866676330566e-01,2.840000000000000000e+02
9.915599822998046875e-01,8.570000000000000000e+02
6.055300235748291016e-01,1.040000000000000000e+02
3.812099993228912354e-01,0.000000000000000000e+00
6.639699935913085938e-01,1.780000000000000000e+02
5.489199757575988770e-01,5.500000000000000000e+01
4.204599857330322266e-01,6.000000000000000000e+00
