4.826100170612335205e-02,2.250000000000000000e+02
4.574899971485137939e-01,1.636000000000000000e+03
4.682799875736236572e-01,1.650000000000000000e+03
8.413199782371520996e-01,2.522000000000000000e+03
7.043399810791015625e-01,2.217000000000000000e+03
1.493999958038330078e-01,7.100000000000000000e+02
3.558900058269500732e-01,1.410000000000000000e+03
1.694499999284744263e-01,7.410000000000000000e+02
3.473500013351440430e-01,1.373000000000000000e+03
5.370500087738037109e-01,1.884000000000000000e+03
1.055599972605705261e-01,4.850000000000000000e+02
6.205700039863586426e-01,2.025000000000000000e+03
9.688600152730941772e-02,4.680000000000000000e+02
2.144600003957748413e-01,9.230000000000000000e+02
7.072899937629699707e-01,2.223000000000000000e+03
4.526999965310096741e-02,1.950000000000000000e+02
9.463000297546386719e-01,2.769000000000000000e+03
6.526700258255004883e-01,2.086000000000000000e+03
2.402099967002868652e-01,1.051000000000000000e+03
5.570899844169616699e-01,1.946000000000000000e+03
