3.453800082206726074e-02,0.000000000000000000e+00
5.378100275993347168e-01,0.000000000000000000e+00
6.305000185966491699e-01,1.000000000000000000e+00
5.230100154876708984e-01,0.000000000000000000e+00
7.810800075531005859e-01,4.000000000000000000e+00
8.466100096702575684e-01,9.000000000000000000e+00
1.911199986934661865e-01,0.000000000000000000e+00
3.256900012493133545e-01,0.000000000000000000e+00
9.456599950790405273e-01,2.700000000000000000e+01
9.691100120544433594e-01,3.000000000000000000e+01
8.348299860954284668e-01,7.000000000000000000e+00
8.157500028610229492e-01,6.000000000000000000e+00
2.145699970424175262e-02,0.000000000000000000e+00
4.899300038814544678e-01,0.000000000000000000e+00
2.424300014972686768e-01,0.000000000000000000e+00
2.591100037097930908e-01,0.000000000000000000e+00
9.847999811172485352e-01,3.500000000000000000e+01
3.049200028181076050e-02,0.000000000000000000e+00
4.260199964046478271e-01,0.000000000000000000e+00
2.087499946355819702e-01,0.000000000000000000e+00
