8.514599800109863281e-01,4.700000000000000000e+02
2.720600068569183350e-01,0.000000000000000000e+00
7.054100036621093750e-01,2.660000000000000000e+02
6.356099843978881836e-01,1.890000000000000000e+02
7.243099808692932129e-01,2.860000000000000000e+02
6.616600155830383301e-01,2.120000000000000000e+02
7.864599823951721191e-01,3.690000000000000000e+02
7.623699903488159180e-01,3.290000000000000000e+02
4.936100170016288757e-02,0.000000000000000000e+00
8.935499787330627441e-01,5.270000000000000000e+02
7.195900082588195801e-01,2.840000000000000000e+02
9.237200021743774414e-02,0.000000000000000000e+00
8.204399943351745605e-01,4.180000000000000000e+02
4.113200008869171143e-01,2.200000000000000000e+01
2.512100040912628174e-01,0.000000000000000000e+00
5.069000124931335449e-01,7.300000000000000000e+01
3.017599880695343018e-01,2.000000000000000000e+00
1.863700002431869507e-01,0.000000000000000000e+00
1.528500020503997803e-01,0.000000000000000000e+00
8.616600036621093750e-01,4.820000000000000000e+02
