6.884999871253967285e-01,4.500000000000000000e+01
9.269300103187561035e-01,2.260000000000000000e+02
6.558700203895568848e-01,2.900000000000000000e+01
9.526699781417846680e-01,2.540000000000000000e+02
5.816000103950500488e-01,1.700000000000000000e+01
1.198299974203109741e-01,0.000000000000000000e+00
7.608500123023986816e-01,8.200000000000000000e+01
9.783099889755249023e-01,2.850000000000000000e+02
4.705800116062164307e-01,5.000000000000000000e+00
9.791200160980224609e-01,2.850000000000000000e+02
5.050399899482727051e-01,7.000000000000000000e+00
6.406599879264831543e-01,2.600000000000000000e+01
2.842099964618682861e-01,0.000000000000000000e+00
5.945799946784973145e-01,1.900000000000000000e+01
5.924699902534484863e-01,1.900000000000000000e+01
8.989999890327453613e-01,1.950000000000000000e+02
8.677999973297119141e-01,1.680000000000000000e+02
1.517099980264902115e-02,0.000000000000000000e+00
1.581799983978271484e-01,0.000000000000000000e+00
7.963700294494628906e-01,1.040000000000000000e+02
