2.462399937212467194e-02,0.000000000000000000e+00
2.467599958181381226e-01,0.000000000000000000e+00
6.182900071144104004e-01,0.000000000000000000e+00
3.601999953389167786e-02,0.000000000000000000e+00
4.417999833822250366e-02,0.000000000000000000e+00
1.446399954147636890e-03,0.000000000000000000e+00
1.196700036525726318e-01,0.000000000000000000e+00
4.645000100135803223e-01,0.000000000000000000e+00
9.182900190353393555e-01,2.000000000000000000e+00
9.659900069236755371e-01,2.000000000000000000e+00
3.046100139617919922e-01,0.000000000000000000e+00
1.378200054168701172e-01,0.000000000000000000e+00
1.488199979066848755e-01,0.000000000000000000e+00
7.017000019550323486e-02,0.000000000000000000e+00
4.101899862289428711e-01,0.000000000000000000e+00
6.545400023460388184e-01,0.000000000000000000e+00
5.561900138854980469e-01,0.000000000000000000e+00
8.091300129890441895e-01,1.000000000000000000e+00
8.931900262832641602e-01,1.000000000000000000e+00
8.604099750518798828e-01,1.000000000000000000e+00
