5.830999929457902908e-03,0.000000000000000000e+00
3.789499998092651367e-01,0.000000000000000000e+00
3.738799989223480225e-01,0.000000000000000000e+00
4.704299867153167725e-01,0.000000000000000000e+00
8.218899965286254883e-01,0.000000000000000000e+00
3.866200102493166924e-03,0.000000000000000000e+00
1.633699983358383179e-01,0.000000000000000000e+00
2.648499980568885803e-02,0.000000000000000000e+00
7.187200188636779785e-01,0.000000000000000000e+00
4.574599862098693848e-01,0.000000000000000000e+00
1.837999969720840454e-01,0.000000000000000000e+00
3.156700134277343750e-01,0.000000000000000000e+00
1.202099993824958801e-01,0.000000000000000000e+00
1.726000010967254639e-01,0.000000000000000000e+00
2.071799933910369873e-01,0.000000000000000000e+00
9.947900176048278809e-01,0.000000000000000000e+00
5.788299813866615295e-02,0.000000000000000000e+00
6.853899918496608734e-03,0.000000000000000000e+00
8.900200128555297852e-01,0.000000000000000000e+00
3.847700059413909912e-01,0.000000000000000000e+00
