8.726500272750854492e-01,1.780000000000000000e+02
1.621699929237365723e-01,0.000000000000000000e+00
3.186700046062469482e-01,0.000000000000000000e+00
1.368599981069564819e-01,0.000000000000000000e+00
5.127999782562255859e-01,6.000000000000000000e+00
7.105600237846374512e-01,2.600000000000000000e+01
7.015399932861328125e-01,2.600000000000000000e+01
3.598900139331817627e-01,1.000000000000000000e+00
5.932199954986572266e-01,2.600000000000000000e+01
8.556900024414062500e-01,6.700000000000000000e+01
2.897500097751617432e-01,0.000000000000000000e+00
9.884799718856811523e-01,1.820000000000000000e+02
1.801400035619735718e-01,0.000000000000000000e+00
4.496800005435943604e-01,1.000000000000000000e+00
9.537000060081481934e-01,1.820000000000000000e+02
8.750699758529663086e-01,1.780000000000000000e+02
4.183300137519836426e-01,1.000000000000000000e+00
7.993800044059753418e-01,2.900000000000000000e+01
7.605800032615661621e-01,2.600000000000000000e+01
6.104300022125244141e-01,2.600000000000000000e+01
