1.381500065326690674e-01,1.000000000000000000e+00
2.172999978065490723e-01,1.000000000000000000e+00
2.749499976634979248e-01,4.000000000000000000e+00
3.759799897670745850e-02,0.000000000000000000e+00
3.272899985313415527e-01,3.500000000000000000e+01
7.744600176811218262e-01,2.740000000000000000e+02
3.690400123596191406e-01,3.500000000000000000e+01
2.883799970149993896e-01,4.000000000000000000e+00
2.433499991893768311e-01,4.000000000000000000e+00
7.547100186347961426e-01,1.700000000000000000e+02
8.381800055503845215e-01,4.820000000000000000e+02
4.569700062274932861e-01,3.500000000000000000e+01
9.487599730491638184e-01,5.050000000000000000e+02
9.957799911499023438e-01,5.050000000000000000e+02
1.232400014996528625e-01,0.000000000000000000e+00
8.521299958229064941e-01,4.820000000000000000e+02
1.505900025367736816e-01,1.000000000000000000e+00
8.570299744606018066e-01,4.820000000000000000e+02
3.878000080585479736e-01,3.500000000000000000e+01
7.040699720382690430e-01,1.510000000000000000e+02
