2.345200031995773315e-01,5.530000000000000000e+02
8.783599734306335449e-01,2.146000000000000000e+03
7.297300100326538086e-01,1.754000000000000000e+03
3.567900061607360840e-01,1.009000000000000000e+03
6.950899958610534668e-01,1.716000000000000000e+03
6.803200244903564453e-01,1.648000000000000000e+03
6.341999769210815430e-01,1.568000000000000000e+03
7.873499989509582520e-01,1.847000000000000000e+03
3.456600010395050049e-01,9.760000000000000000e+02
4.145199954509735107e-01,1.062000000000000000e+03
2.916899919509887695e-01,7.390000000000000000e+02
9.929599761962890625e-01,2.458000000000000000e+03
7.146499752998352051e-01,1.735000000000000000e+03
2.441800013184547424e-02,1.100000000000000000e+01
3.001800039783120155e-03,0.000000000000000000e+00
2.205000072717666626e-01,5.270000000000000000e+02
7.652599811553955078e-01,1.799000000000000000e+03
6.995599865913391113e-01,1.724000000000000000e+03
4.239200055599212646e-02,4.500000000000000000e+01
6.029199957847595215e-01,1.557000000000000000e+03
