7.173399925231933594e-01,2.290000000000000000e+02
4.488700032234191895e-01,3.000000000000000000e+01
5.669699907302856445e-01,7.900000000000000000e+01
7.332299649715423584e-02,0.000000000000000000e+00
2.831400036811828613e-01,4.000000000000000000e+00
7.525699734687805176e-01,2.600000000000000000e+02
5.561100244522094727e-01,7.600000000000000000e+01
4.990300163626670837e-02,0.000000000000000000e+00
9.233099818229675293e-01,4.630000000000000000e+02
1.906300038099288940e-01,0.000000000000000000e+00
1.817199960350990295e-02,0.000000000000000000e+00
2.229399979114532471e-01,1.000000000000000000e+00
5.620899796485900879e-01,7.700000000000000000e+01
3.882499933242797852e-01,1.500000000000000000e+01
2.436099946498870850e-01,1.000000000000000000e+00
5.635200142860412598e-01,7.700000000000000000e+01
2.363000065088272095e-01,1.000000000000000000e+00
4.765799939632415771e-01,3.900000000000000000e+01
4.305199980735778809e-01,2.800000000000000000e+01
9.604399800300598145e-01,5.280000000000000000e+02
