9.818000197410583496e-01,7.620000000000000000e+02
8.514699935913085938e-01,5.230000000000000000e+02
8.884400129318237305e-01,5.970000000000000000e+02
3.322800099849700928e-01,1.100000000000000000e+01
1.968300044536590576e-01,0.000000000000000000e+00
4.232800006866455078e-01,4.300000000000000000e+01
7.150499820709228516e-01,3.330000000000000000e+02
6.610000133514404297e-01,2.570000000000000000e+02
1.749600023031234741e-01,0.000000000000000000e+00
1.317400038242340088e-01,0.000000000000000000e+00
2.778500020503997803e-01,2.000000000000000000e+00
4.656699895858764648e-01,6.300000000000000000e+01
6.576099991798400879e-02,0.000000000000000000e+00
9.082999825477600098e-01,6.340000000000000000e+02
2.738699913024902344e-01,2.000000000000000000e+00
7.474300265312194824e-01,3.730000000000000000e+02
6.786699891090393066e-01,2.800000000000000000e+02
4.614400118589401245e-02,0.000000000000000000e+00
4.538300037384033203e-01,5.500000000000000000e+01
8.133199810981750488e-01,4.770000000000000000e+02
