7.520599961280822754e-01,0.000000000000000000e+00
2.698799967765808105e-01,0.000000000000000000e+00
4.921399950981140137e-01,0.000000000000000000e+00
2.137300074100494385e-01,0.000000000000000000e+00
1.720599979162216187e-01,0.000000000000000000e+00
7.101899981498718262e-01,0.000000000000000000e+00
9.917500019073486328e-01,2.100000000000000000e+01
8.511899709701538086e-01,5.000000000000000000e+00
4.822799861431121826e-01,0.000000000000000000e+00
7.556399703025817871e-01,0.000000000000000000e+00
1.174700036644935608e-01,0.000000000000000000e+00
1.215599998831748962e-01,0.000000000000000000e+00
4.396199882030487061e-01,0.000000000000000000e+00
3.587900102138519287e-01,0.000000000000000000e+00
1.692200005054473877e-01,0.000000000000000000e+00
1.490100026130676270e-01,0.000000000000000000e+00
4.833399951457977295e-01,0.000000000000000000e+00
1.391800045967102051e-01,0.000000000000000000e+00
6.089800000190734863e-01,0.000000000000000000e+00
5.805299878120422363e-01,0.000000000000000000e+00
