8.266299962997436523e-01,2.376000000000000000e+03
6.964600086212158203e-01,2.144000000000000000e+03
8.873299956321716309e-01,2.570000000000000000e+03
2.300499975681304932e-01,9.560000000000000000e+02
6.250299811363220215e-01,2.000000000000000000e+03
1.376100033521652222e-01,6.050000000000000000e+02
5.811200141906738281e-01,1.985000000000000000e+03
8.280500173568725586e-01,2.376000000000000000e+03
7.557500004768371582e-01,2.286000000000000000e+03
5.369099974632263184e-01,1.817000000000000000e+03
7.846099734306335449e-01,2.311000000000000000e+03
1.831900030374526978e-01,7.870000000000000000e+02
1.716800034046173096e-01,7.610000000000000000e+02
6.466299891471862793e-01,2.051000000000000000e+03
8.563699722290039062e-01,2.434000000000000000e+03
9.909300208091735840e-01,2.866000000000000000e+03
1.792600005865097046e-01,7.790000000000000000e+02
8.293799757957458496e-01,2.379000000000000000e+03
2.597100101411342621e-03,0.000000000000000000e+00
8.799099922180175781e-01,2.533000000000000000e+03
