8.262199908494949341e-02,0.000000000000000000e+00
9.387500286102294922e-01,6.300000000000000000e+01
4.945400059223175049e-01,1.000000000000000000e+00
6.908900141716003418e-01,1.300000000000000000e+01
3.247500061988830566e-01,0.000000000000000000e+00
5.556899905204772949e-01,2.000000000000000000e+00
1.579499989748001099e-01,0.000000000000000000e+00
4.680599868297576904e-01,1.000000000000000000e+00
6.794099807739257812e-01,1.200000000000000000e+01
3.104299902915954590e-01,0.000000000000000000e+00
1.642699986696243286e-01,0.000000000000000000e+00
2.154600024223327637e-01,0.000000000000000000e+00
9.441300034523010254e-01,6.300000000000000000e+01
1.252900063991546631e-01,0.000000000000000000e+00
3.379800021648406982e-01,0.000000000000000000e+00
5.314400196075439453e-01,2.000000000000000000e+00
2.917500138282775879e-01,0.000000000000000000e+00
6.956200003623962402e-01,1.300000000000000000e+01
5.907099843025207520e-01,2.000000000000000000e+00
3.548200055956840515e-02,0.000000000000000000e+00
