3.245300054550170898e-01,0.000000000000000000e+00
6.460999846458435059e-01,4.700000000000000000e+01
1.934999972581863403e-02,0.000000000000000000e+00
2.848800122737884521e-01,0.000000000000000000e+00
4.078199863433837891e-01,6.000000000000000000e+00
6.101699918508529663e-02,0.000000000000000000e+00
6.935899853706359863e-01,5.800000000000000000e+01
1.608500033617019653e-01,0.000000000000000000e+00
7.431600093841552734e-01,7.600000000000000000e+01
7.338899970054626465e-01,7.300000000000000000e+01
4.857400059700012207e-01,1.300000000000000000e+01
8.197699785232543945e-01,1.040000000000000000e+02
4.171899855136871338e-01,7.000000000000000000e+00
2.323800027370452881e-01,0.000000000000000000e+00
6.419000029563903809e-01,4.600000000000000000e+01
6.905400156974792480e-01,5.700000000000000000e+01
7.246999740600585938e-01,7.200000000000000000e+01
4.227100014686584473e-01,7.000000000000000000e+00
1.758099943399429321e-01,0.000000000000000000e+00
4.186199903488159180e-01,7.000000000000000000e+00
