3.633700013160705566e-01,0.000000000000000000e+00
7.557200193405151367e-01,3.600000000000000000e+01
3.969399929046630859e-01,0.000000000000000000e+00
6.441799998283386230e-01,1.900000000000000000e+01
4.689300060272216797e-01,1.000000000000000000e+00
3.233000040054321289e-01,0.000000000000000000e+00
7.418199777603149414e-01,3.100000000000000000e+01
6.315500140190124512e-01,1.600000000000000000e+01
3.605599999427795410e-01,0.000000000000000000e+00
5.004299879074096680e-01,3.000000000000000000e+00
3.948099911212921143e-02,0.000000000000000000e+00
1.080200001597404480e-01,0.000000000000000000e+00
5.574399828910827637e-01,6.000000000000000000e+00
8.375900238752365112e-02,0.000000000000000000e+00
4.327700138092041016e-01,1.000000000000000000e+00
1.568699926137924194e-01,0.000000000000000000e+00
5.926700234413146973e-01,1.200000000000000000e+01
6.753300130367279053e-02,0.000000000000000000e+00
5.352799892425537109e-01,4.000000000000000000e+00
7.246199846267700195e-01,2.900000000000000000e+01
