5.690799951553344727e-01,1.023000000000000000e+03
7.519199848175048828e-01,1.142000000000000000e+03
4.411000013351440430e-01,6.010000000000000000e+02
3.469499945640563965e-01,4.030000000000000000e+02
2.040199935436248779e-01,2.320000000000000000e+02
8.772600293159484863e-01,1.247000000000000000e+03
7.209599763154983521e-02,1.800000000000000000e+01
4.980399906635284424e-01,6.470000000000000000e+02
2.870599925518035889e-01,3.770000000000000000e+02
9.043200016021728516e-01,1.614000000000000000e+03
5.306000113487243652e-01,6.890000000000000000e+02
6.287299990653991699e-01,1.036000000000000000e+03
3.108400106430053711e-01,3.900000000000000000e+02
6.151400133967399597e-02,1.200000000000000000e+01
7.319300174713134766e-01,1.140000000000000000e+03
8.631500005722045898e-01,1.243000000000000000e+03
7.083799690008163452e-02,1.800000000000000000e+01
6.134200096130371094e-01,1.036000000000000000e+03
4.997699856758117676e-01,6.470000000000000000e+02
3.048999905586242676e-01,3.780000000000000000e+02
