2.527500092983245850e-01,4.300000000000000000e+01
4.539299905300140381e-01,4.710000000000000000e+02
7.726299762725830078e-01,1.465000000000000000e+03
6.026800274848937988e-01,8.510000000000000000e+02
1.572300046682357788e-01,3.000000000000000000e+00
9.364699721336364746e-01,1.878000000000000000e+03
5.109800100326538086e-01,5.900000000000000000e+02
3.937700018286705017e-02,0.000000000000000000e+00
5.818899869918823242e-01,7.930000000000000000e+02
4.444499909877777100e-01,4.100000000000000000e+02
1.588000059127807617e-01,3.000000000000000000e+00
3.344100117683410645e-01,1.480000000000000000e+02
6.850600242614746094e-01,1.231000000000000000e+03
5.484799742698669434e-01,7.000000000000000000e+02
6.869599819183349609e-01,1.238000000000000000e+03
5.422800183296203613e-01,6.860000000000000000e+02
5.693899989128112793e-01,7.490000000000000000e+02
2.318699955940246582e-01,3.700000000000000000e+01
1.833499968051910400e-01,9.000000000000000000e+00
2.222499996423721313e-01,2.600000000000000000e+01
