3.353599905967712402e-01,1.020000000000000000e+02
4.353100061416625977e-01,2.960000000000000000e+02
9.915500283241271973e-01,1.577000000000000000e+03
9.553999900817871094e-01,1.496000000000000000e+03
7.247800230979919434e-01,9.440000000000000000e+02
8.429800271987915039e-01,1.234000000000000000e+03
1.839900016784667969e-01,4.000000000000000000e+00
5.436099767684936523e-01,5.160000000000000000e+02
8.964499831199645996e-01,1.356000000000000000e+03
6.921699643135070801e-02,0.000000000000000000e+00
2.393099963665008545e-01,1.600000000000000000e+01
8.005499839782714844e-02,0.000000000000000000e+00
1.490699946880340576e-01,0.000000000000000000e+00
7.662299871444702148e-01,1.046000000000000000e+03
6.939899921417236328e-01,8.710000000000000000e+02
8.356599807739257812e-01,1.212000000000000000e+03
1.459500007331371307e-02,0.000000000000000000e+00
4.800300002098083496e-01,3.930000000000000000e+02
2.194699943065643311e-01,8.000000000000000000e+00
4.880400002002716064e-01,4.130000000000000000e+02
