1.854999959468841553e-01,0.000000000000000000e+00
4.824100136756896973e-01,0.000000000000000000e+00
7.241799831390380859e-01,3.000000000000000000e+00
2.752999961376190186e-01,0.000000000000000000e+00
6.523600220680236816e-01,2.000000000000000000e+00
6.068699955940246582e-01,1.000000000000000000e+00
4.603599905967712402e-01,0.000000000000000000e+00
4.923700094223022461e-01,0.000000000000000000e+00
7.557500004768371582e-01,5.000000000000000000e+00
2.751800045371055603e-02,0.000000000000000000e+00
2.265799939632415771e-01,0.000000000000000000e+00
2.103399932384490967e-01,0.000000000000000000e+00
8.799099922180175781e-01,1.000000000000000000e+01
8.677399754524230957e-01,8.000000000000000000e+00
9.146100282669067383e-01,1.700000000000000000e+01
4.822899997234344482e-01,0.000000000000000000e+00
7.953699827194213867e-01,5.000000000000000000e+00
4.535099864006042480e-01,0.000000000000000000e+00
7.027000188827514648e-01,3.000000000000000000e+00
2.345699965953826904e-01,0.000000000000000000e+00
