8.914499878883361816e-01,3.000000000000000000e+00
8.160499930381774902e-01,2.000000000000000000e+00
9.512799978256225586e-01,3.000000000000000000e+00
6.998400092124938965e-01,0.000000000000000000e+00
5.904499813914299011e-02,0.000000000000000000e+00
3.755300119519233704e-02,0.000000000000000000e+00
9.670299887657165527e-01,3.000000000000000000e+00
6.898300051689147949e-01,0.000000000000000000e+00
8.201400041580200195e-01,2.000000000000000000e+00
4.638699889183044434e-01,0.000000000000000000e+00
1.111299991607666016e-01,0.000000000000000000e+00
3.390600085258483887e-01,0.000000000000000000e+00
3.332199901342391968e-02,0.000000000000000000e+00
3.986000120639801025e-01,0.000000000000000000e+00
2.047899961471557617e-01,0.000000000000000000e+00
4.846400022506713867e-01,0.000000000000000000e+00
2.272599935531616211e-01,0.000000000000000000e+00
9.796399623155593872e-03,0.000000000000000000e+00
6.451100111007690430e-01,0.000000000000000000e+00
4.990800023078918457e-01,0.000000000000000000e+00
