3.689700067043304443e-01,1.390000000000000000e+02
7.350800037384033203e-01,1.482000000000000000e+03
9.285200238227844238e-01,2.037000000000000000e+03
5.804799869656562805e-02,0.000000000000000000e+00
5.535600185394287109e-01,8.190000000000000000e+02
9.236600250005722046e-02,0.000000000000000000e+00
7.974299788475036621e-01,1.658000000000000000e+03
1.242600008845329285e-01,0.000000000000000000e+00
4.957000017166137695e-01,5.860000000000000000e+02
4.837599992752075195e-01,5.400000000000000000e+02
8.489400148391723633e-01,1.821000000000000000e+03
9.645500183105468750e-01,2.112000000000000000e+03
9.599499702453613281e-01,2.100000000000000000e+03
8.233000040054321289e-01,1.735000000000000000e+03
3.103300034999847412e-01,4.500000000000000000e+01
6.031299829483032227e-01,1.010000000000000000e+03
6.216599941253662109e-01,1.082000000000000000e+03
1.795299947261810303e-01,0.000000000000000000e+00
8.154699802398681641e-01,1.719000000000000000e+03
9.194800257682800293e-01,2.010000000000000000e+03
