2.216600030660629272e-01,0.000000000000000000e+00
4.270600080490112305e-01,2.000000000000000000e+00
7.379299998283386230e-01,4.000000000000000000e+01
8.651199936866760254e-01,7.400000000000000000e+01
3.636699914932250977e-01,1.000000000000000000e+00
8.245400190353393555e-01,6.300000000000000000e+01
3.512400090694427490e-01,0.000000000000000000e+00
1.613000035285949707e-01,0.000000000000000000e+00
7.746899724006652832e-01,4.900000000000000000e+01
7.246699929237365723e-01,3.500000000000000000e+01
5.662299990653991699e-01,1.000000000000000000e+01
8.050199747085571289e-01,5.700000000000000000e+01
8.207200169563293457e-01,6.000000000000000000e+01
5.569000244140625000e-01,1.000000000000000000e+01
8.841400146484375000e-01,7.700000000000000000e+01
8.279100060462951660e-01,6.400000000000000000e+01
3.642300069332122803e-01,1.000000000000000000e+00
9.732699990272521973e-01,1.190000000000000000e+02
6.627900004386901855e-01,2.000000000000000000e+01
2.957099974155426025e-01,0.000000000000000000e+00
