1.625600010156631470e-01,0.000000000000000000e+00
2.355400025844573975e-01,0.000000000000000000e+00
2.788900136947631836e-01,0.000000000000000000e+00
3.000800013542175293e-01,0.000000000000000000e+00
2.629899978637695312e-01,0.000000000000000000e+00
5.570999979972839355e-01,0.000000000000000000e+00
4.685800075531005859e-01,0.000000000000000000e+00
8.139200210571289062e-01,5.000000000000000000e+00
7.768399715423583984e-01,4.000000000000000000e+00
6.530900001525878906e-01,0.000000000000000000e+00
9.943500161170959473e-01,1.100000000000000000e+01
2.402600087225437164e-02,0.000000000000000000e+00
3.524500131607055664e-01,0.000000000000000000e+00
4.670000076293945312e-01,0.000000000000000000e+00
7.257900238037109375e-01,3.000000000000000000e+00
1.947499997913837433e-02,0.000000000000000000e+00
4.263199865818023682e-01,0.000000000000000000e+00
9.280800223350524902e-01,9.000000000000000000e+00
4.909600019454956055e-01,0.000000000000000000e+00
6.494600176811218262e-01,0.000000000000000000e+00
