2.939300052821636200e-02,0.000000000000000000e+00
1.764800027012825012e-02,0.000000000000000000e+00
4.154999926686286926e-02,0.000000000000000000e+00
8.710200190544128418e-01,4.570000000000000000e+02
7.326599955558776855e-01,2.700000000000000000e+02
9.205300360918045044e-02,0.000000000000000000e+00
3.261800110340118408e-02,0.000000000000000000e+00
9.057400226593017578e-01,5.050000000000000000e+02
1.230299994349479675e-01,0.000000000000000000e+00
9.314399957656860352e-01,5.380000000000000000e+02
9.314399957656860352e-01,5.380000000000000000e+02
7.081300020217895508e-01,2.380000000000000000e+02
5.503100156784057617e-01,9.200000000000000000e+01
4.707700014114379883e-01,4.400000000000000000e+01
5.976999998092651367e-01,1.320000000000000000e+02
2.297200076282024384e-02,0.000000000000000000e+00
1.145899966359138489e-01,0.000000000000000000e+00
9.326099753379821777e-01,5.400000000000000000e+02
8.944699764251708984e-01,4.890000000000000000e+02
5.753999948501586914e-01,1.120000000000000000e+02
