2.779399976134300232e-02,0.000000000000000000e+00
8.095399737358093262e-01,8.000000000000000000e+00
8.757299780845642090e-01,9.000000000000000000e+00
8.250499963760375977e-01,9.000000000000000000e+00
9.982900023460388184e-01,1.100000000000000000e+01
7.118600010871887207e-01,1.000000000000000000e+00
2.817499935626983643e-01,0.000000000000000000e+00
5.546600222587585449e-01,0.000000000000000000e+00
1.613900065422058105e-01,0.000000000000000000e+00
2.304899990558624268e-01,0.000000000000000000e+00
5.865899920463562012e-01,0.000000000000000000e+00
8.786500096321105957e-01,9.000000000000000000e+00
2.038200013339519501e-02,0.000000000000000000e+00
6.626399755477905273e-01,0.000000000000000000e+00
3.759000003337860107e-01,0.000000000000000000e+00
6.887500286102294922e-01,1.000000000000000000e+00
7.776499986648559570e-01,4.000000000000000000e+00
4.641300141811370850e-01,0.000000000000000000e+00
3.493900001049041748e-01,0.000000000000000000e+00
5.599799752235412598e-01,0.000000000000000000e+00
