9.401599764823913574e-01,1.596000000000000000e+03
7.332999706268310547e-01,9.440000000000000000e+02
3.058399856090545654e-01,8.000000000000000000e+00
8.395400047302246094e-01,1.294000000000000000e+03
3.050800040364265442e-02,0.000000000000000000e+00
6.161900162696838379e-01,5.490000000000000000e+02
5.109000205993652344e-01,2.500000000000000000e+02
6.368200182914733887e-01,6.200000000000000000e+02
8.308200240135192871e-01,1.273000000000000000e+03
9.328500032424926758e-01,1.573000000000000000e+03
2.344300001859664917e-01,0.000000000000000000e+00
8.351399898529052734e-01,1.282000000000000000e+03
7.093099951744079590e-01,8.590000000000000000e+02
6.087800264358520508e-01,5.290000000000000000e+02
6.842700242996215820e-01,7.800000000000000000e+02
6.949800252914428711e-01,8.160000000000000000e+02
9.743999838829040527e-01,1.709000000000000000e+03
2.251199930906295776e-01,0.000000000000000000e+00
4.695700109004974365e-01,1.640000000000000000e+02
2.262299954891204834e-01,0.000000000000000000e+00
