6.128000020980834961e-01,0.000000000000000000e+00
5.740500092506408691e-01,0.000000000000000000e+00
8.258900046348571777e-01,0.000000000000000000e+00
2.463800013065338135e-01,0.000000000000000000e+00
7.706900238990783691e-01,0.000000000000000000e+00
1.324499994516372681e-01,0.000000000000000000e+00
5.797500014305114746e-01,0.000000000000000000e+00
7.783799767494201660e-01,0.000000000000000000e+00
4.541099965572357178e-01,0.000000000000000000e+00
6.869500279426574707e-01,0.000000000000000000e+00
9.842100143432617188e-01,4.000000000000000000e+00
3.936800062656402588e-01,0.000000000000000000e+00
4.350500106811523438e-01,0.000000000000000000e+00
9.670999646186828613e-02,0.000000000000000000e+00
6.051200032234191895e-01,0.000000000000000000e+00
2.772499918937683105e-01,0.000000000000000000e+00
3.498399853706359863e-01,0.000000000000000000e+00
8.152800202369689941e-01,0.000000000000000000e+00
2.970399856567382812e-01,0.000000000000000000e+00
6.090199947357177734e-01,0.000000000000000000e+00
