7.666400074958801270e-01,1.548000000000000000e+03
3.490400016307830811e-01,4.180000000000000000e+02
8.463699817657470703e-01,1.736000000000000000e+03
7.838500142097473145e-01,1.583000000000000000e+03
8.079699873924255371e-01,1.647000000000000000e+03
9.885600209236145020e-01,2.056000000000000000e+03
8.910300135612487793e-01,1.830000000000000000e+03
3.802900016307830811e-01,5.100000000000000000e+02
5.622400045394897461e-01,1.009000000000000000e+03
7.739300131797790527e-01,1.560000000000000000e+03
4.521499872207641602e-01,7.040000000000000000e+02
8.053399920463562012e-01,1.641000000000000000e+03
9.669399857521057129e-01,2.008000000000000000e+03
9.021900296211242676e-01,1.848000000000000000e+03
2.510600090026855469e-01,1.720000000000000000e+02
8.337500095367431641e-01,1.698000000000000000e+03
8.052099943161010742e-01,1.641000000000000000e+03
4.947099983692169189e-01,8.260000000000000000e+02
7.563999891281127930e-01,1.532000000000000000e+03
7.108500003814697266e-01,1.424000000000000000e+03
