5.628100037574768066e-01,8.130000000000000000e+02
5.045599937438964844e-01,6.830000000000000000e+02
7.715299725532531738e-01,1.357000000000000000e+03
5.141699910163879395e-01,7.070000000000000000e+02
6.323699951171875000e-01,1.002000000000000000e+03
3.727599978446960449e-01,3.530000000000000000e+02
5.108199715614318848e-01,6.960000000000000000e+02
9.911299943923950195e-01,1.851000000000000000e+03
4.206199944019317627e-01,4.670000000000000000e+02
7.927799820899963379e-01,1.396000000000000000e+03
9.198899865150451660e-01,1.700000000000000000e+03
6.978899836540222168e-01,1.156000000000000000e+03
9.033799767494201660e-01,1.656000000000000000e+03
4.434700012207031250e-01,5.150000000000000000e+02
1.198699995875358582e-01,1.000000000000000000e+00
1.776799932122230530e-02,0.000000000000000000e+00
7.425900101661682129e-01,1.272000000000000000e+03
2.709499895572662354e-01,1.350000000000000000e+02
6.309300065040588379e-01,9.960000000000000000e+02
9.770900011062622070e-01,1.819000000000000000e+03
