8.209499716758728027e-01,3.100000000000000000e+01
2.792100012302398682e-01,0.000000000000000000e+00
1.181899979710578918e-01,0.000000000000000000e+00
4.990000128746032715e-01,0.000000000000000000e+00
2.343800067901611328e-01,0.000000000000000000e+00
5.131599903106689453e-01,0.000000000000000000e+00
9.044700264930725098e-01,5.100000000000000000e+01
2.920399904251098633e-01,0.000000000000000000e+00
1.082499995827674866e-01,0.000000000000000000e+00
6.916499733924865723e-01,9.000000000000000000e+00
2.976000010967254639e-01,0.000000000000000000e+00
6.545100212097167969e-01,7.000000000000000000e+00
9.228099952451884747e-04,0.000000000000000000e+00
8.636900186538696289e-01,4.400000000000000000e+01
8.420100212097167969e-01,3.800000000000000000e+01
5.256199836730957031e-01,1.000000000000000000e+00
4.952600002288818359e-01,0.000000000000000000e+00
9.147700071334838867e-01,5.400000000000000000e+01
2.326699942350387573e-01,0.000000000000000000e+00
6.134300231933593750e-01,6.000000000000000000e+00
