7.676100134849548340e-01,9.000000000000000000e+00
8.217800259590148926e-01,1.400000000000000000e+01
8.242400288581848145e-01,1.400000000000000000e+01
9.042099714279174805e-01,2.100000000000000000e+01
9.993900060653686523e-01,3.200000000000000000e+01
1.808799952268600464e-01,0.000000000000000000e+00
4.785799980163574219e-01,1.000000000000000000e+00
3.612500131130218506e-01,0.000000000000000000e+00
1.571200042963027954e-01,0.000000000000000000e+00
9.630600214004516602e-01,2.600000000000000000e+01
8.614100217819213867e-01,1.700000000000000000e+01
8.924900293350219727e-01,1.900000000000000000e+01
5.329200029373168945e-01,1.000000000000000000e+00
5.627200007438659668e-01,1.000000000000000000e+00
7.879800200462341309e-01,9.000000000000000000e+00
7.500699907541275024e-02,0.000000000000000000e+00
4.302900135517120361e-01,0.000000000000000000e+00
6.107100248336791992e-01,1.000000000000000000e+00
4.729300141334533691e-01,1.000000000000000000e+00
2.591300010681152344e-01,0.000000000000000000e+00
