9.909399747848510742e-01,2.403000000000000000e+03
5.001000165939331055e-01,1.182000000000000000e+03
8.310700058937072754e-01,2.049000000000000000e+03
1.446699947118759155e-01,1.480000000000000000e+02
1.950299926102161407e-02,0.000000000000000000e+00
7.374200224876403809e-01,1.815000000000000000e+03
7.744800299406051636e-02,3.100000000000000000e+01
6.032099723815917969e-01,1.483000000000000000e+03
5.733799934387207031e-01,1.407000000000000000e+03
2.492399960756301880e-01,4.290000000000000000e+02
7.810400128364562988e-01,1.905000000000000000e+03
1.213700026273727417e-01,9.800000000000000000e+01
7.497299909591674805e-01,1.849000000000000000e+03
9.366999864578247070e-01,2.276000000000000000e+03
6.632599830627441406e-01,1.639000000000000000e+03
2.762399911880493164e-01,4.970000000000000000e+02
8.546599745750427246e-02,3.800000000000000000e+01
6.776700019836425781e-01,1.679000000000000000e+03
4.867300093173980713e-01,1.149000000000000000e+03
1.994699984788894653e-01,2.870000000000000000e+02
