6.575700044631958008e-01,1.100000000000000000e+01
5.047000050544738770e-01,2.000000000000000000e+00
6.658700108528137207e-01,1.200000000000000000e+01
7.090700268745422363e-01,1.400000000000000000e+01
8.726000189781188965e-01,4.400000000000000000e+01
1.200699992477893829e-02,0.000000000000000000e+00
3.347400128841400146e-01,0.000000000000000000e+00
4.910700023174285889e-01,2.000000000000000000e+00
5.049600005149841309e-01,2.000000000000000000e+00
3.215500116348266602e-01,0.000000000000000000e+00
4.353899955749511719e-01,0.000000000000000000e+00
4.087600111961364746e-01,0.000000000000000000e+00
8.203200101852416992e-01,3.100000000000000000e+01
1.063899993896484375e-01,0.000000000000000000e+00
7.927899807691574097e-02,0.000000000000000000e+00
3.964299857616424561e-01,0.000000000000000000e+00
9.613500237464904785e-01,7.600000000000000000e+01
1.490799933671951294e-01,0.000000000000000000e+00
9.436600208282470703e-01,6.900000000000000000e+01
8.778799772262573242e-01,4.400000000000000000e+01
