3.386699855327606201e-01,0.000000000000000000e+00
8.646299839019775391e-01,4.800000000000000000e+01
2.531200088560581207e-02,0.000000000000000000e+00
1.044500023126602173e-01,0.000000000000000000e+00
8.471199870109558105e-01,4.400000000000000000e+01
7.987300157546997070e-01,3.400000000000000000e+01
1.987500041723251343e-01,0.000000000000000000e+00
3.408200144767761230e-01,0.000000000000000000e+00
6.934099793434143066e-01,1.200000000000000000e+01
3.217399865388870239e-02,0.000000000000000000e+00
3.060899972915649414e-01,0.000000000000000000e+00
1.262400001287460327e-01,0.000000000000000000e+00
9.504500031471252441e-01,7.400000000000000000e+01
5.103099942207336426e-01,2.000000000000000000e+00
4.061900079250335693e-01,1.000000000000000000e+00
2.291200011968612671e-01,0.000000000000000000e+00
8.495699763298034668e-01,4.400000000000000000e+01
1.473599970340728760e-01,0.000000000000000000e+00
6.583399772644042969e-01,1.200000000000000000e+01
9.439499676227569580e-02,0.000000000000000000e+00
