6.155200004577636719e-01,6.260000000000000000e+02
5.569900274276733398e-01,5.050000000000000000e+02
9.606900215148925781e-01,1.403000000000000000e+03
6.368200182914733887e-01,6.850000000000000000e+02
1.321700066328048706e-01,0.000000000000000000e+00
8.769099712371826172e-01,1.219000000000000000e+03
3.485099971294403076e-01,1.100000000000000000e+02
6.437799930572509766e-01,6.970000000000000000e+02
6.976500153541564941e-02,0.000000000000000000e+00
1.877799928188323975e-01,5.000000000000000000e+00
6.548799872398376465e-01,7.230000000000000000e+02
3.843500018119812012e-01,1.620000000000000000e+02
2.030799984931945801e-01,9.000000000000000000e+00
2.096299976110458374e-01,1.100000000000000000e+01
3.345200121402740479e-01,9.400000000000000000e+01
5.546000003814697266e-01,4.990000000000000000e+02
3.942399919033050537e-01,1.800000000000000000e+02
2.162699997425079346e-01,1.300000000000000000e+01
8.929799795150756836e-01,1.260000000000000000e+03
4.402300119400024414e-01,2.660000000000000000e+02
