6.012899875640869141e-01,0.000000000000000000e+00
8.858399987220764160e-01,1.500000000000000000e+01
3.014599978923797607e-01,0.000000000000000000e+00
2.802599966526031494e-01,0.000000000000000000e+00
4.042599815875291824e-03,0.000000000000000000e+00
6.491600275039672852e-01,0.000000000000000000e+00
7.538400292396545410e-01,3.000000000000000000e+00
4.345099925994873047e-01,0.000000000000000000e+00
6.499500274658203125e-01,0.000000000000000000e+00
9.706599712371826172e-01,3.300000000000000000e+01
6.056299805641174316e-01,0.000000000000000000e+00
1.393399983644485474e-01,0.000000000000000000e+00
7.833399772644042969e-01,5.000000000000000000e+00
9.311500191688537598e-01,2.500000000000000000e+01
8.718600273132324219e-01,1.400000000000000000e+01
2.743000090122222900e-01,0.000000000000000000e+00
7.869300246238708496e-01,5.000000000000000000e+00
6.288499832153320312e-01,0.000000000000000000e+00
2.270900085568428040e-02,0.000000000000000000e+00
1.500900019891560078e-03,0.000000000000000000e+00
