5.308799743652343750e-01,1.367000000000000000e+03
2.989500015974044800e-02,0.000000000000000000e+00
6.695200204849243164e-01,1.824000000000000000e+03
6.265799999237060547e-01,1.694000000000000000e+03
5.987899899482727051e-01,1.597000000000000000e+03
7.193899750709533691e-01,1.965000000000000000e+03
2.186200022697448730e-01,3.400000000000000000e+01
3.260999917984008789e-01,4.430000000000000000e+02
8.350099921226501465e-01,2.260000000000000000e+03
9.114400148391723633e-01,2.439000000000000000e+03
5.033400058746337891e-01,1.264000000000000000e+03
2.530699968338012695e-02,0.000000000000000000e+00
1.992799937725067139e-01,1.300000000000000000e+01
3.131200075149536133e-01,3.790000000000000000e+02
9.221299886703491211e-01,2.466000000000000000e+03
2.294999957084655762e-01,4.900000000000000000e+01
3.279699981212615967e-01,4.530000000000000000e+02
9.128599762916564941e-01,2.443000000000000000e+03
7.771700024604797363e-01,2.115000000000000000e+03
6.508899927139282227e-01,1.762000000000000000e+03
