7.135199904441833496e-01,3.000000000000000000e+01
8.364099860191345215e-01,5.500000000000000000e+01
5.797600150108337402e-01,8.000000000000000000e+00
9.533900022506713867e-01,9.100000000000000000e+01
9.587699770927429199e-01,9.300000000000000000e+01
9.205800294876098633e-01,7.500000000000000000e+01
7.619600296020507812e-01,4.100000000000000000e+01
4.702500104904174805e-01,2.000000000000000000e+00
5.060099959373474121e-01,4.000000000000000000e+00
7.852400094270706177e-02,0.000000000000000000e+00
6.949000060558319092e-02,0.000000000000000000e+00
7.769899964332580566e-01,4.500000000000000000e+01
4.278999865055084229e-01,2.000000000000000000e+00
1.447699964046478271e-01,0.000000000000000000e+00
8.535199761390686035e-01,5.700000000000000000e+01
2.975400090217590332e-01,0.000000000000000000e+00
4.359599947929382324e-01,2.000000000000000000e+00
9.379100054502487183e-02,0.000000000000000000e+00
8.852999806404113770e-01,6.400000000000000000e+01
9.437699913978576660e-01,8.700000000000000000e+01
