3.924300074577331543e-01,0.000000000000000000e+00
6.104699969291687012e-01,1.000000000000000000e+00
8.761999756097793579e-02,0.000000000000000000e+00
8.699200153350830078e-01,9.000000000000000000e+00
1.241500005125999451e-01,0.000000000000000000e+00
5.860000252723693848e-01,1.000000000000000000e+00
1.635400056838989258e-01,0.000000000000000000e+00
6.186699867248535156e-01,1.000000000000000000e+00
6.451900005340576172e-01,2.000000000000000000e+00
8.471400141716003418e-01,9.000000000000000000e+00
5.924699828028678894e-02,0.000000000000000000e+00
4.545600116252899170e-01,0.000000000000000000e+00
6.661700010299682617e-01,3.000000000000000000e+00
4.864000082015991211e-01,1.000000000000000000e+00
7.551900148391723633e-01,5.000000000000000000e+00
2.270800061523914337e-02,0.000000000000000000e+00
8.110700249671936035e-01,6.000000000000000000e+00
8.398699760437011719e-01,9.000000000000000000e+00
5.733900070190429688e-01,1.000000000000000000e+00
7.704499959945678711e-01,5.000000000000000000e+00
