6.035299897193908691e-01,0.000000000000000000e+00
5.352600216865539551e-01,0.000000000000000000e+00
5.072000026702880859e-01,0.000000000000000000e+00
1.452800035476684570e-01,0.000000000000000000e+00
1.197500005364418030e-01,0.000000000000000000e+00
2.815600037574768066e-01,0.000000000000000000e+00
9.635400176048278809e-01,0.000000000000000000e+00
6.818400025367736816e-01,0.000000000000000000e+00
8.253800272941589355e-01,0.000000000000000000e+00
6.290299892425537109e-01,0.000000000000000000e+00
4.734700173139572144e-02,0.000000000000000000e+00
1.340099982917308807e-02,0.000000000000000000e+00
2.745200097560882568e-01,0.000000000000000000e+00
1.089700013399124146e-01,0.000000000000000000e+00
6.473000049591064453e-01,0.000000000000000000e+00
2.952799946069717407e-02,0.000000000000000000e+00
9.911199659109115601e-02,0.000000000000000000e+00
9.993100166320800781e-01,0.000000000000000000e+00
2.247399985790252686e-01,0.000000000000000000e+00
8.068699836730957031e-01,0.000000000000000000e+00
