8.820999860763549805e-01,1.339000000000000000e+03
7.608000040054321289e-01,1.054000000000000000e+03
9.540699720382690430e-01,1.476000000000000000e+03
1.781399995088577271e-01,9.000000000000000000e+00
1.885499954223632812e-01,1.000000000000000000e+01
9.926800131797790527e-01,1.553000000000000000e+03
3.888300061225891113e-01,2.680000000000000000e+02
4.431299865245819092e-01,3.800000000000000000e+02
1.872300058603286743e-01,1.000000000000000000e+01
9.645299911499023438e-01,1.502000000000000000e+03
9.982100129127502441e-01,1.570000000000000000e+03
6.094599962234497070e-01,7.390000000000000000e+02
5.540399998426437378e-02,0.000000000000000000e+00
5.234599858522415161e-02,0.000000000000000000e+00
6.430299878120422363e-01,8.090000000000000000e+02
5.637300014495849609e-01,6.360000000000000000e+02
8.170300126075744629e-01,1.201000000000000000e+03
3.634199872612953186e-02,0.000000000000000000e+00
2.906500101089477539e-01,9.400000000000000000e+01
5.001400113105773926e-01,4.830000000000000000e+02
