9.067200124263763428e-02,0.000000000000000000e+00
8.308399915695190430e-01,9.100000000000000000e+01
5.480700135231018066e-01,9.000000000000000000e+00
2.497799992561340332e-01,1.000000000000000000e+00
4.390200078487396240e-01,4.000000000000000000e+00
3.046900033950805664e-01,1.000000000000000000e+00
7.356600165367126465e-01,6.100000000000000000e+01
5.384299755096435547e-01,9.000000000000000000e+00
5.101799964904785156e-01,8.000000000000000000e+00
9.670900106430053711e-01,1.500000000000000000e+02
2.777299880981445312e-01,1.000000000000000000e+00
2.718900144100189209e-01,1.000000000000000000e+00
8.315600156784057617e-01,9.100000000000000000e+01
1.219500005245208740e-01,0.000000000000000000e+00
2.473500072956085205e-01,1.000000000000000000e+00
3.825500011444091797e-01,3.000000000000000000e+00
3.335599899291992188e-01,1.000000000000000000e+00
9.690899848937988281e-01,1.510000000000000000e+02
2.043199986219406128e-01,0.000000000000000000e+00
7.751200199127197266e-01,7.600000000000000000e+01
