6.609799861907958984e-01,9.800000000000000000e+02
6.961100101470947266e-01,9.900000000000000000e+02
8.885700106620788574e-01,1.200000000000000000e+03
3.934099972248077393e-01,5.500000000000000000e+02
1.038599982857704163e-01,3.400000000000000000e+01
8.231199979782104492e-01,1.085000000000000000e+03
7.173100113868713379e-01,1.059000000000000000e+03
3.936299979686737061e-01,5.500000000000000000e+02
8.603900074958801270e-01,1.160000000000000000e+03
1.583900004625320435e-01,1.080000000000000000e+02
8.723100274801254272e-02,2.300000000000000000e+01
9.035199880599975586e-01,1.581000000000000000e+03
8.847200274467468262e-01,1.188000000000000000e+03
1.694200038909912109e-01,1.080000000000000000e+02
3.213900029659271240e-01,3.190000000000000000e+02
8.070200085639953613e-01,1.084000000000000000e+03
6.307100057601928711e-01,9.800000000000000000e+02
1.991499960422515869e-01,1.900000000000000000e+02
7.407500147819519043e-01,1.072000000000000000e+03
3.035700023174285889e-01,3.100000000000000000e+02
