4.683600068092346191e-01,0.000000000000000000e+00
7.114199995994567871e-01,5.000000000000000000e+00
6.848199963569641113e-01,2.000000000000000000e+00
8.600600063800811768e-02,0.000000000000000000e+00
2.694700062274932861e-01,0.000000000000000000e+00
5.228099822998046875e-01,0.000000000000000000e+00
4.750100076198577881e-01,0.000000000000000000e+00
9.125499725341796875e-01,1.900000000000000000e+01
4.245499968528747559e-01,0.000000000000000000e+00
8.400599956512451172e-01,1.600000000000000000e+01
1.612399965524673462e-01,0.000000000000000000e+00
6.158499717712402344e-01,0.000000000000000000e+00
1.173200011253356934e-01,0.000000000000000000e+00
6.165000200271606445e-01,0.000000000000000000e+00
6.595000028610229492e-01,1.000000000000000000e+00
4.332599937915802002e-01,0.000000000000000000e+00
2.395000010728836060e-01,0.000000000000000000e+00
4.155400022864341736e-02,0.000000000000000000e+00
3.978599905967712402e-01,0.000000000000000000e+00
1.704100072383880615e-01,0.000000000000000000e+00
