1.970800012350082397e-02,2.100000000000000000e+01
6.331700086593627930e-01,2.145000000000000000e+03
6.544499993324279785e-01,2.202000000000000000e+03
6.496800184249877930e-01,2.191000000000000000e+03
8.163999915122985840e-01,2.548000000000000000e+03
5.748500227928161621e-01,2.010000000000000000e+03
3.980099856853485107e-01,1.523000000000000000e+03
4.171200096607208252e-01,1.572000000000000000e+03
4.396800100803375244e-01,1.638000000000000000e+03
4.712100140750408173e-03,0.000000000000000000e+00
9.118300080299377441e-01,2.746000000000000000e+03
7.648199796676635742e-01,2.450000000000000000e+03
9.851999878883361816e-01,2.901000000000000000e+03
3.124400079250335693e-01,1.226000000000000000e+03
3.403599858283996582e-01,1.317000000000000000e+03
3.145000040531158447e-01,1.232000000000000000e+03
8.217300176620483398e-01,2.559000000000000000e+03
6.159300208091735840e-01,2.109000000000000000e+03
5.131300166249275208e-02,1.300000000000000000e+02
8.249400258064270020e-01,2.563000000000000000e+03
