4.309200048446655273e-01,5.000000000000000000e+00
1.757099926471710205e-01,0.000000000000000000e+00
3.372299969196319580e-01,1.000000000000000000e+00
6.673899888992309570e-01,3.800000000000000000e+01
7.334899902343750000e-01,6.300000000000000000e+01
5.769299864768981934e-01,1.200000000000000000e+01
3.286499977111816406e-01,1.000000000000000000e+00
9.670000076293945312e-01,1.570000000000000000e+02
5.086100101470947266e-01,7.000000000000000000e+00
5.266400054097175598e-02,0.000000000000000000e+00
4.134599864482879639e-01,4.000000000000000000e+00
8.150600194931030273e-01,8.600000000000000000e+01
9.519799947738647461e-01,1.510000000000000000e+02
2.786200046539306641e-01,0.000000000000000000e+00
9.545300155878067017e-02,0.000000000000000000e+00
7.216100096702575684e-01,6.000000000000000000e+01
9.362800121307373047e-01,1.420000000000000000e+02
4.507200121879577637e-01,6.000000000000000000e+00
7.242100238800048828e-01,6.000000000000000000e+01
1.110100001096725464e-02,0.000000000000000000e+00
