6.489200145006179810e-02,1.800000000000000000e+01
4.941999912261962891e-02,6.000000000000000000e+00
1.992200016975402832e-01,2.290000000000000000e+02
7.718300223350524902e-01,1.560000000000000000e+03
9.326599836349487305e-01,1.868000000000000000e+03
5.635799765586853027e-01,1.038000000000000000e+03
1.056100009009242058e-03,0.000000000000000000e+00
9.884200096130371094e-01,1.894000000000000000e+03
3.920300006866455078e-01,5.870000000000000000e+02
7.182300090789794922e-01,1.238000000000000000e+03
3.502100110054016113e-01,5.800000000000000000e+02
1.816399991512298584e-01,2.280000000000000000e+02
8.537899851799011230e-01,1.684000000000000000e+03
1.142700016498565674e-01,8.800000000000000000e+01
9.190200269222259521e-02,4.700000000000000000e+01
8.276799917221069336e-01,1.662000000000000000e+03
9.627199769020080566e-01,1.892000000000000000e+03
9.795399904251098633e-01,1.894000000000000000e+03
3.641799986362457275e-01,5.850000000000000000e+02
4.088200032711029053e-01,5.970000000000000000e+02
