6.776400208473205566e-01,1.080000000000000000e+02
8.972899913787841797e-01,2.730000000000000000e+02
9.639199972152709961e-01,3.290000000000000000e+02
6.984999775886535645e-01,1.150000000000000000e+02
8.153499960899353027e-01,2.040000000000000000e+02
7.068700194358825684e-01,1.230000000000000000e+02
2.372999936342239380e-01,0.000000000000000000e+00
7.677500247955322266e-01,1.620000000000000000e+02
1.641799956560134888e-01,0.000000000000000000e+00
3.129299879074096680e-01,1.000000000000000000e+00
1.064999997615814209e-01,0.000000000000000000e+00
2.936600148677825928e-01,0.000000000000000000e+00
9.372799992561340332e-01,3.070000000000000000e+02
6.979399919509887695e-01,1.150000000000000000e+02
5.922700166702270508e-01,5.200000000000000000e+01
5.384600162506103516e-01,3.200000000000000000e+01
1.668100059032440186e-01,0.000000000000000000e+00
5.028600096702575684e-01,2.200000000000000000e+01
1.833699941635131836e-01,0.000000000000000000e+00
4.942600131034851074e-01,1.700000000000000000e+01
