3.561800122261047363e-01,2.400000000000000000e+01
6.866400241851806641e-01,2.940000000000000000e+02
7.349100112915039062e-01,3.490000000000000000e+02
6.090800166130065918e-01,1.940000000000000000e+02
7.393800020217895508e-01,3.540000000000000000e+02
8.567299842834472656e-01,5.130000000000000000e+02
1.520300060510635376e-01,0.000000000000000000e+00
7.787100076675415039e-01,4.040000000000000000e+02
3.160899877548217773e-01,1.500000000000000000e+01
6.889299750328063965e-01,2.960000000000000000e+02
4.983299970626831055e-01,9.600000000000000000e+01
3.665800094604492188e-01,2.600000000000000000e+01
3.605299890041351318e-01,2.500000000000000000e+01
8.402699828147888184e-01,4.900000000000000000e+02
1.318500041961669922e-01,0.000000000000000000e+00
1.591899991035461426e-02,0.000000000000000000e+00
3.783000111579895020e-01,3.000000000000000000e+01
2.394099980592727661e-01,1.000000000000000000e+00
2.852799892425537109e-01,9.000000000000000000e+00
7.124099731445312500e-01,3.320000000000000000e+02
