4.309999942779541016e-01,0.000000000000000000e+00
8.439199924468994141e-01,3.000000000000000000e+00
6.024500131607055664e-01,0.000000000000000000e+00
8.390200138092041016e-01,3.000000000000000000e+00
6.268700212240219116e-02,0.000000000000000000e+00
3.525399863719940186e-01,0.000000000000000000e+00
7.523300051689147949e-01,1.000000000000000000e+00
8.729799985885620117e-01,4.000000000000000000e+00
6.928700208663940430e-01,1.000000000000000000e+00
9.356499910354614258e-01,4.000000000000000000e+00
4.265399873256683350e-01,0.000000000000000000e+00
6.040199995040893555e-01,0.000000000000000000e+00
1.311700046062469482e-01,0.000000000000000000e+00
7.891299724578857422e-01,1.000000000000000000e+00
6.031900048255920410e-01,0.000000000000000000e+00
6.519500017166137695e-01,0.000000000000000000e+00
2.921800017356872559e-01,0.000000000000000000e+00
7.907400131225585938e-01,1.000000000000000000e+00
7.311999797821044922e-01,1.000000000000000000e+00
8.954600095748901367e-01,4.000000000000000000e+00
