5.955299735069274902e-01,1.387000000000000000e+03
1.783600002527236938e-01,6.300000000000000000e+01
4.662800133228302002e-01,9.730000000000000000e+02
2.756099998950958252e-01,3.210000000000000000e+02
4.641900062561035156e-01,9.670000000000000000e+02
8.528599739074707031e-01,2.077000000000000000e+03
7.159799933433532715e-01,1.739000000000000000e+03
7.745299935340881348e-01,1.874000000000000000e+03
3.244400024414062500e-01,4.830000000000000000e+02
2.830500006675720215e-01,3.410000000000000000e+02
2.180400043725967407e-01,1.430000000000000000e+02
6.172500252723693848e-01,1.453000000000000000e+03
7.099900245666503906e-01,1.719000000000000000e+03
8.343600034713745117e-01,2.026000000000000000e+03
3.385100066661834717e-01,5.280000000000000000e+02
6.214900016784667969e-01,1.464000000000000000e+03
3.512499928474426270e-01,5.780000000000000000e+02
8.042199909687042236e-02,0.000000000000000000e+00
8.611800074577331543e-01,2.092000000000000000e+03
5.242300033569335938e-01,1.167000000000000000e+03
