5.075899958610534668e-01,9.450000000000000000e+02
2.137199938297271729e-01,1.230000000000000000e+02
3.815799951553344727e-01,5.810000000000000000e+02
2.794300019741058350e-01,2.780000000000000000e+02
4.597400128841400146e-01,7.970000000000000000e+02
5.331599712371826172e-01,1.019000000000000000e+03
9.196799993515014648e-01,1.999000000000000000e+03
2.552999854087829590e-01,2.160000000000000000e+02
2.155600041151046753e-01,1.250000000000000000e+02
1.316200047731399536e-01,5.000000000000000000e+00
8.312900066375732422e-01,1.794000000000000000e+03
2.703700065612792969e-01,2.500000000000000000e+02
1.996600031852722168e-01,9.500000000000000000e+01
4.917300045490264893e-01,8.880000000000000000e+02
1.933200061321258545e-01,8.000000000000000000e+01
6.213099956512451172e-01,1.256000000000000000e+03
1.831800043582916260e-01,6.200000000000000000e+01
5.870800018310546875e-01,1.172000000000000000e+03
2.093800008296966553e-01,1.130000000000000000e+02
2.562000043690204620e-02,0.000000000000000000e+00
