9.560199975967407227e-01,3.970000000000000000e+02
8.232899904251098633e-01,2.510000000000000000e+02
5.561699867248535156e-01,6.700000000000000000e+01
7.880099862813949585e-02,0.000000000000000000e+00
1.069599986076354980e-01,0.000000000000000000e+00
7.333700060844421387e-01,1.670000000000000000e+02
7.870900034904479980e-01,2.150000000000000000e+02
2.018499970436096191e-01,0.000000000000000000e+00
6.516500115394592285e-01,1.220000000000000000e+02
5.270699858665466309e-01,5.700000000000000000e+01
5.135899782180786133e-01,5.200000000000000000e+01
8.830699920654296875e-01,3.130000000000000000e+02
5.744400024414062500e-01,7.600000000000000000e+01
4.373100101947784424e-01,2.900000000000000000e+01
5.106199905276298523e-02,0.000000000000000000e+00
1.310400012880563736e-02,0.000000000000000000e+00
9.926199913024902344e-01,4.490000000000000000e+02
6.208800077438354492e-01,1.060000000000000000e+02
8.886399865150451660e-01,3.220000000000000000e+02
7.099099755287170410e-01,1.570000000000000000e+02
