9.740700125694274902e-01,1.840000000000000000e+02
6.950899958610534668e-01,4.700000000000000000e+01
8.301399946212768555e-01,1.010000000000000000e+02
7.633600234985351562e-01,6.900000000000000000e+01
1.809300035238265991e-01,0.000000000000000000e+00
3.388400077819824219e-01,0.000000000000000000e+00
5.107799768447875977e-01,8.000000000000000000e+00
4.968900084495544434e-01,8.000000000000000000e+00
6.531299948692321777e-01,3.700000000000000000e+01
1.835200041532516479e-01,0.000000000000000000e+00
8.181999921798706055e-01,9.100000000000000000e+01
5.519499778747558594e-01,1.200000000000000000e+01
2.175000011920928955e-01,0.000000000000000000e+00
5.683100223541259766e-01,1.400000000000000000e+01
4.250699877738952637e-01,2.000000000000000000e+00
7.592499852180480957e-01,6.800000000000000000e+01
7.146499752998352051e-01,5.000000000000000000e+01
2.543199956417083740e-01,0.000000000000000000e+00
8.882600069046020508e-01,1.310000000000000000e+02
5.705599784851074219e-01,1.500000000000000000e+01
