2.540999948978424072e-01,3.000000000000000000e+00
6.571300327777862549e-02,0.000000000000000000e+00
1.181299984455108643e-01,0.000000000000000000e+00
6.149399876594543457e-01,1.590000000000000000e+02
4.083600044250488281e-01,2.500000000000000000e+01
7.352300286293029785e-01,2.850000000000000000e+02
2.327599972486495972e-01,0.000000000000000000e+00
5.201399922370910645e-01,8.100000000000000000e+01
6.056200265884399414e-01,1.470000000000000000e+02
2.080399990081787109e-01,0.000000000000000000e+00
1.922100037336349487e-01,0.000000000000000000e+00
1.734600067138671875e-01,0.000000000000000000e+00
5.505899786949157715e-01,1.010000000000000000e+02
4.205299913883209229e-01,3.100000000000000000e+01
3.210699856281280518e-01,8.000000000000000000e+00
5.552399754524230957e-01,1.060000000000000000e+02
9.577299952507019043e-01,6.240000000000000000e+02
7.822399735450744629e-01,3.430000000000000000e+02
4.815100133419036865e-01,5.800000000000000000e+01
2.155999988317489624e-01,0.000000000000000000e+00
