9.945300221443176270e-01,1.810000000000000000e+03
2.117599993944168091e-01,2.800000000000000000e+01
5.411900281906127930e-01,6.800000000000000000e+02
3.200699985027313232e-01,1.630000000000000000e+02
3.258399963378906250e-01,1.720000000000000000e+02
7.359300255775451660e-01,1.204000000000000000e+03
9.264799952507019043e-02,0.000000000000000000e+00
4.848099779337644577e-03,0.000000000000000000e+00
4.597000032663345337e-02,0.000000000000000000e+00
4.942800104618072510e-01,5.640000000000000000e+02
7.490699887275695801e-01,1.235000000000000000e+03
2.691299915313720703e-01,8.000000000000000000e+01
6.091899871826171875e-01,8.570000000000000000e+02
2.020899951457977295e-01,1.800000000000000000e+01
4.633600115776062012e-01,4.830000000000000000e+02
6.637200117111206055e-01,1.017000000000000000e+03
5.778999999165534973e-02,0.000000000000000000e+00
1.049000024795532227e-01,0.000000000000000000e+00
2.598499953746795654e-01,6.800000000000000000e+01
8.044899702072143555e-01,1.365000000000000000e+03
