4.952499866485595703e-01,7.320000000000000000e+02
2.812899947166442871e-01,1.970000000000000000e+02
7.808300256729125977e-01,1.509000000000000000e+03
3.686600029468536377e-01,4.130000000000000000e+02
7.136700153350830078e-01,1.338000000000000000e+03
1.570499986410140991e-01,1.200000000000000000e+01
1.201799977570772171e-02,0.000000000000000000e+00
6.525099873542785645e-01,1.168000000000000000e+03
5.501599907875061035e-01,8.990000000000000000e+02
4.402599930763244629e-01,5.970000000000000000e+02
3.663100004196166992e-01,4.100000000000000000e+02
5.899299979209899902e-01,1.003000000000000000e+03
6.714100241661071777e-01,1.221000000000000000e+03
4.495100080966949463e-01,6.210000000000000000e+02
1.569499969482421875e-01,1.200000000000000000e+01
1.771800071001052856e-01,2.700000000000000000e+01
2.084999978542327881e-01,5.600000000000000000e+01
7.115600109100341797e-01,1.332000000000000000e+03
1.492300033569335938e-01,9.000000000000000000e+00
2.381999939680099487e-01,9.800000000000000000e+01
