7.043899893760681152e-01,0.000000000000000000e+00
8.432800173759460449e-01,0.000000000000000000e+00
3.538700044155120850e-01,0.000000000000000000e+00
5.572400093078613281e-01,0.000000000000000000e+00
8.482000231742858887e-01,0.000000000000000000e+00
1.420500036329030991e-02,0.000000000000000000e+00
5.497199892997741699e-01,0.000000000000000000e+00
3.733200132846832275e-01,0.000000000000000000e+00
3.518699901178479195e-03,0.000000000000000000e+00
4.658800065517425537e-01,0.000000000000000000e+00
1.593199968338012695e-01,0.000000000000000000e+00
8.617799878120422363e-01,0.000000000000000000e+00
7.626100182533264160e-01,0.000000000000000000e+00
1.304100006818771362e-01,0.000000000000000000e+00
1.858099922537803650e-02,0.000000000000000000e+00
9.798599779605865479e-02,0.000000000000000000e+00
3.882100060582160950e-02,0.000000000000000000e+00
7.907599806785583496e-01,0.000000000000000000e+00
1.948799937963485718e-01,0.000000000000000000e+00
4.386399984359741211e-01,0.000000000000000000e+00
