2.102099955081939697e-01,0.000000000000000000e+00
5.140799880027770996e-01,3.000000000000000000e+00
8.914399743080139160e-01,3.400000000000000000e+01
2.984200119972229004e-01,0.000000000000000000e+00
4.936200082302093506e-01,2.000000000000000000e+00
7.317500114440917969e-01,1.800000000000000000e+01
2.691299915313720703e-01,0.000000000000000000e+00
1.094899997115135193e-01,0.000000000000000000e+00
2.596899867057800293e-01,0.000000000000000000e+00
9.008200168609619141e-01,3.600000000000000000e+01
5.817000269889831543e-01,6.000000000000000000e+00
6.010400131344795227e-02,0.000000000000000000e+00
1.286700069904327393e-01,0.000000000000000000e+00
8.290299773216247559e-01,2.800000000000000000e+01
8.753700256347656250e-01,3.300000000000000000e+01
4.320299923419952393e-01,1.000000000000000000e+00
8.224400281906127930e-01,2.800000000000000000e+01
7.788599729537963867e-01,2.200000000000000000e+01
3.806700110435485840e-01,1.000000000000000000e+00
7.935900092124938965e-01,2.400000000000000000e+01
