2.525300085544586182e-01,0.000000000000000000e+00
2.923200130462646484e-01,1.000000000000000000e+00
6.805400252342224121e-01,4.390000000000000000e+02
2.635299861431121826e-01,1.000000000000000000e+00
4.491899907588958740e-01,3.300000000000000000e+01
8.689600229263305664e-01,9.750000000000000000e+02
3.690800070762634277e-01,7.000000000000000000e+00
8.933799862861633301e-01,1.043000000000000000e+03
8.146600127220153809e-01,8.170000000000000000e+02
4.936699867248535156e-01,7.500000000000000000e+01
5.565999746322631836e-01,1.640000000000000000e+02
3.551799952983856201e-01,6.000000000000000000e+00
4.325700104236602783e-01,2.800000000000000000e+01
2.560400068759918213e-01,1.000000000000000000e+00
2.730900049209594727e-01,1.000000000000000000e+00
8.153499960899353027e-01,8.180000000000000000e+02
8.937699794769287109e-01,1.043000000000000000e+03
5.561000108718872070e-01,1.630000000000000000e+02
9.220100045204162598e-01,1.122000000000000000e+03
5.689399838447570801e-01,1.880000000000000000e+02
