6.918900012969970703e-01,6.000000000000000000e+01
9.397400170564651489e-02,0.000000000000000000e+00
7.786300182342529297e-01,9.700000000000000000e+01
2.558999955654144287e-01,0.000000000000000000e+00
9.093099832534790039e-01,1.670000000000000000e+02
1.925099939107894897e-01,0.000000000000000000e+00
6.159399822354316711e-02,0.000000000000000000e+00
3.985399901866912842e-01,1.000000000000000000e+00
5.796099901199340820e-01,2.300000000000000000e+01
9.178799986839294434e-01,1.720000000000000000e+02
2.979699969291687012e-01,0.000000000000000000e+00
3.319599926471710205e-01,0.000000000000000000e+00
7.402899861335754395e-01,8.000000000000000000e+01
5.957699939608573914e-02,0.000000000000000000e+00
5.725799798965454102e-01,2.200000000000000000e+01
8.804900050163269043e-01,1.500000000000000000e+02
3.456999957561492920e-01,0.000000000000000000e+00
3.917900025844573975e-01,1.000000000000000000e+00
3.076199889183044434e-01,0.000000000000000000e+00
7.245600223541259766e-01,7.000000000000000000e+01
