3.126800060272216797e-01,9.790000000000000000e+02
5.798400044441223145e-01,1.861000000000000000e+03
9.297299981117248535e-01,2.691000000000000000e+03
5.423500016331672668e-02,0.000000000000000000e+00
9.666799902915954590e-01,2.762000000000000000e+03
8.260300159454345703e-01,2.467000000000000000e+03
1.197800040245056152e-02,0.000000000000000000e+00
5.027099847793579102e-01,1.639000000000000000e+03
1.870599985122680664e-01,3.740000000000000000e+02
7.141600251197814941e-01,2.206000000000000000e+03
8.270099759101867676e-01,2.469000000000000000e+03
5.364400148391723633e-02,0.000000000000000000e+00
7.912200093269348145e-01,2.383000000000000000e+03
9.085900336503982544e-02,8.000000000000000000e+00
3.650699974969029427e-03,0.000000000000000000e+00
7.262799739837646484e-01,2.237000000000000000e+03
7.621099948883056641e-01,2.318000000000000000e+03
4.884900152683258057e-02,0.000000000000000000e+00
6.701700091361999512e-01,2.088000000000000000e+03
1.732300072908401489e-01,3.000000000000000000e+02
