3.393799960613250732e-01,0.000000000000000000e+00
9.504799842834472656e-01,4.390000000000000000e+02
4.922200143337249756e-01,9.000000000000000000e+00
6.258000135421752930e-01,4.100000000000000000e+01
3.421600162982940674e-02,0.000000000000000000e+00
8.525800108909606934e-01,2.800000000000000000e+02
8.135300278663635254e-01,2.200000000000000000e+02
2.644799947738647461e-01,0.000000000000000000e+00
7.279599905014038086e-01,1.210000000000000000e+02
3.094399869441986084e-01,0.000000000000000000e+00
4.532899856567382812e-01,4.000000000000000000e+00
8.244199752807617188e-01,2.360000000000000000e+02
8.878099918365478516e-01,3.370000000000000000e+02
1.595800071954727173e-01,0.000000000000000000e+00
3.844799995422363281e-01,1.000000000000000000e+00
7.593299746513366699e-01,1.590000000000000000e+02
9.130300283432006836e-01,3.750000000000000000e+02
3.521600067615509033e-01,0.000000000000000000e+00
9.783400297164916992e-01,4.930000000000000000e+02
8.108199834823608398e-01,2.100000000000000000e+02
