1602330388991 0.009999999776482582 9
1602330640437 0.004999999888241291 10
1602330899159 0.004999999888241291 11
1602331155358 0.004999999888241291 12
1602331411723 0.004999999888241291 13
1602331671576 0.004999999888241291 14
1602331934048 0.004999999888241291 15
1602332193200 0.004999999888241291 16
1602332450681 0.004999999888241291 17
1602332711148 0.004999999888241291 18
1602332971160 0.004999999888241291 19
1602333230908 0.0044999998062849045 20
1602333495574 0.004049999639391899 21
1602333755868 0.0036449995823204517 22
