1602491310276 6859.46630859375 1
1602491360537 5719.2490234375 2
1602491410718 6094.45068359375 3
1602491461056 5236.41259765625 4
1602491511060 4957.60693359375 5
1602491561397 4425.759765625 6
1602491611341 4732.09619140625 7
1602491661388 4351.7880859375 8
1602491711469 4270.31396484375 9
1602491761754 3639.06005859375 10
1602491811737 3611.103271484375 11
1602491861836 3525.290771484375 12
1602491912155 3487.736328125 13
1602491962444 3470.959716796875 14
1602492012609 3591.00634765625 15
1602492062791 3421.739501953125 16
1602492112980 3459.74560546875 17
1602492163215 3370.286376953125 18
1602492213709 3348.014892578125 19
1602492264106 3635.10205078125 20
1602492314299 3215.58349609375 21
1602492364789 3431.570068359375 22
1602492415103 3345.014892578125 23
1602492465328 3272.032470703125 24
1602492515683 3295.779296875 25
1602492565838 3353.13720703125 26
1602492616340 3217.815185546875 27
1602492666789 3359.308349609375 28
1602492717423 3272.8134765625 29
1602492767789 3416.833251953125 30
1602492818281 3287.463134765625 31
1602492869053 3466.12890625 32
1602492919604 3369.132080078125 33
1602492970149 3235.17431640625 34
1602493020672 3213.895751953125 35
1602493071601 3197.185302734375 36
1602493122268 3259.39013671875 37
1602493172791 3271.330078125 38
1602493223418 3373.43994140625 39
1602493273928 3329.833251953125 40
1602493324538 3213.30517578125 41
1602493375266 3293.476806640625 42
1602493426079 3486.534423828125 43
1602493476628 3413.330322265625 44
1602493527046 3263.556884765625 45
1602493577568 3305.99951171875 46
1602493627849 3403.777099609375 47
1602493678536 3397.0556640625 48
1602493729178 3225.1591796875 49
