1602491310276 0.0010000000474974513 1
1602491360537 0.0010000000474974513 2
1602491410718 0.0010000000474974513 3
1602491461056 0.0010000000474974513 4
1602491511060 0.0010000000474974513 5
1602491561397 0.0010000000474974513 6
1602491611341 0.0010000000474974513 7
1602491661388 0.0010000000474974513 8
1602491711469 0.0010000000474974513 9
1602491761754 9.999999747378752e-05 10
1602491811737 9.999999747378752e-05 11
1602491861836 9.999999747378752e-05 12
1602491912155 9.999999747378752e-05 13
1602491962444 9.999999747378752e-05 14
1602492012609 9.999999747378752e-05 15
1602492062791 9.999999747378752e-05 16
1602492112980 9.999999747378752e-05 17
1602492163215 9.999999747378752e-05 18
1602492213709 9.999999747378752e-05 19
1602492264106 7.999999797903001e-05 20
1602492314299 6.399999983841553e-05 21
1602492364789 5.120000059832819e-05 22
1602492415103 4.095999975106679e-05 23
1602492465328 3.276799907325767e-05 24
1602492515683 2.6214398531010374e-05 25
1602492565838 2.0971518097212538e-05 26
1602492616340 1.677721411397215e-05 27
1602492666789 1.34217716549756e-05 28
1602492717423 1.073741714208154e-05 29
1602492767789 8.589933713665232e-06 30
1602492818281 6.8719468799827155e-06 31
1602492869053 5.4975575949356426e-06 32
1602492919604 4.398046257847454e-06 33
1602492970149 3.5184370972274337e-06 34
1602493020672 2.814749677781947e-06 35
1602493071601 2.2517997422255576e-06 36
1602493122268 1.801439793780446e-06 37
1602493172791 1.441151880499092e-06 38
1602493223418 1.152921527136641e-06 39
1602493273928 9.223372217093129e-07 40
1602493324538 7.378697546300828e-07 41
1602493375266 5.902958264414337e-07 42
1602493426079 4.722366497844632e-07 43
1602493476628 3.777893198275706e-07 44
1602493527046 3.0223145586205646e-07 45
1602493577568 4.533471837930847e-07 46
1602493627849 6.80020775689627e-07 47
1602493678536 1.0200311635344406e-06 48
1602493729178 1.5300468021450797e-06 49
