1601152876159 1069.5047607421875 1
1601153058625 346.856201171875 1
1601153236480 871.2567138671875 1
1601153430971 1698.961669921875 1
1601153605848 1076.2421875 1
1601153797776 539.1753540039062 1
1601153991639 1424.9205322265625 1
1601154208958 147.44381713867188 1
1601154406776 764.32666015625 1
1601154586291 947.6666259765625 1
1601154779039 1442.5155029296875 1
1601154967918 949.9234619140625 1
1601155141163 858.775146484375 1
1601155337449 412.64752197265625 1
1601155517574 881.754150390625 1
1601155714944 410.3736877441406 1
1601155906250 353.93994140625 1
1601156099689 624.9566650390625 1
1601156281365 80.62957763671875 1
1601156465633 584.4555053710938 1
1601156650623 361.8209228515625 1
1601156839549 322.4106140136719 1
1601157032278 471.72125244140625 1
1601157216987 1978.05224609375 1
1601157410970 431.37908935546875 1
1601157600417 1085.2840576171875 1
1601157783773 1027.14404296875 1
1601157964837 1081.2208251953125 1
1601158152624 118.84456634521484 1
1601158348076 1121.3057861328125 1
1601158545593 781.1990356445312 1
1601158729267 598.5960693359375 1
1601158909388 1796.4134521484375 1
1601159111771 1111.9078369140625 1
1601159292922 1162.7518310546875 1
