1601152876371 1795.8855590820312 0
1601153058859 380.0943145751953 0
1601153236698 895.272705078125 0
1601153431214 1700.1248779296875 0
1601153606077 1092.2119750976562 0
1601153798005 572.6020812988281 0
1601153991878 1494.6764526367188 0
1601154209236 175.7590789794922 0
1601154407031 787.2396545410156 0
1601154586530 1015.9382934570312 0
1601154779242 1452.43701171875 0
1601154968149 990.0653686523438 0
1601155141383 897.8349609375 0
1601155337706 426.69488525390625 0
1601155517827 961.3637084960938 0
1601155715177 503.0929412841797 0
1601155906490 366.15843200683594 0
1601156099925 690.194580078125 0
1601156281598 87.29885864257812 0
1601156650884 374.3323211669922 0
1601156839837 347.99755859375 0
1601157032533 495.8882751464844 0
1601157217237 2048.9393310546875 0
1601157411209 473.6440734863281 0
1601157600719 1127.8009643554688 0
1601157784067 1087.099365234375 0
1601157965131 1127.9041137695312 0
1601158152885 142.4202766418457 0
1601158729554 639.40185546875 0
1601158909636 1991.7127075195312 0
1601159112080 1095.7637939453125 0
1601159293163 1173.2156982421875 0
