1602366381061 7289.22021484375 1
1602366639849 10585.1669921875 2
1602366899331 6829.16064453125 3
1602367154569 4606.49169921875 4
1602367416658 4082.67724609375 5
1602367679592 3679.72509765625 6
1602367939516 2967.170166015625 7
1602368202875 2740.814697265625 8
1602368464206 2524.278076171875 9
1602368730055 1961.4241943359375 10
1602368992479 1731.2747802734375 11
1602369254436 1725.8570556640625 12
1602369516117 1678.28662109375 13
1602369782842 1660.7864990234375 14
1602370046301 1601.487060546875 15
1602370312005 1625.81005859375 16
1602370575923 1524.93798828125 17
1602370839542 1510.1788330078125 18
1602371103792 1493.097412109375 19
1602371368814 1485.7376708984375 20
1602371631667 1444.8243408203125 21
1602371898454 1395.0711669921875 22
1602372160291 1378.525634765625 23
1602372420109 1381.478759765625 24
1602372686915 1382.80859375 25
1602372950660 1362.886962890625 26
1602373215615 1366.02197265625 27
1602373481183 1360.3873291015625 28
1602373747087 1360.8282470703125 29
1602374014973 1352.318359375 30
1602374272676 1349.36865234375 31
1602374540740 1347.2454833984375 32
1602374805905 1352.4990234375 33
1602375074186 1348.828857421875 34
1602375338556 1353.188232421875 35
1602375601737 1339.257568359375 36
1602375866918 1346.583740234375 37
1602376130918 1351.85546875 38
1602376395319 1340.78125 39
