1602366381061 0.009999999776482582 1
1602366639849 0.009999999776482582 2
1602366899331 0.009999999776482582 3
1602367154569 0.009999999776482582 4
1602367416658 0.009999999776482582 5
1602367679592 0.009999999776482582 6
1602367939516 0.009999999776482582 7
1602368202875 0.009999999776482582 8
1602368464206 0.009999999776482582 9
1602368730055 0.0010000000474974513 10
1602368992479 0.0010000000474974513 11
1602369254436 0.0010000000474974513 12
1602369516117 0.0010000000474974513 13
1602369782842 0.0010000000474974513 14
1602370046301 0.0010000000474974513 15
1602370312005 0.0010000000474974513 16
1602370575923 0.0010000000474974513 17
1602370839542 0.0010000000474974513 18
1602371103792 0.0010000000474974513 19
1602371368814 0.000800000037997961 20
1602371631667 0.000640000042039901 21
1602371898454 0.0005120000569149852 22
1602372160291 0.00040960003389045596 23
1602372420109 0.00032768002711236477 24
1602372686915 0.0002621440216898918 25
1602372950660 0.00020971521735191345 26
1602373215615 0.00016777217388153076 27
1602373481183 0.00013421774201560766 28
1602373747087 0.00010737419506767765 29
1602374014973 8.589935896452516e-05 30
1602374272676 6.871948426123708e-05 31
1602374540740 5.4975585953798145e-05 32
1602374805905 4.3980468035442755e-05 33
1602375074186 3.518437370075844e-05 34
1602375338556 2.8147498596808873e-05 35
1602375601737 2.251799924124498e-05 36
1602375866918 1.8014399756793864e-05 37
1602376130918 1.4411520169232972e-05 38
1602376395319 1.1529215953487437e-05 39
