1601177822407 2312.603271484375 0
1601177914513 959.4047241210938 0
1601178011200 607.4776000976562 0
1601178106103 792.7364501953125 0
1601178199092 1261.2606201171875 0
1601178297014 1664.4283447265625 0
1601178383293 759.6644287109375 0
1601178475799 422.9554443359375 0
1601178566404 1992.7325439453125 0
1601178658001 236.2029266357422 0
1601178747465 709.96875 0
1601178838762 739.397705078125 0
1601178936443 813.71728515625 0
1601179037911 1814.163818359375 0
1601179123398 602.8486328125 0
1601179209896 1160.894287109375 0
1601179290774 2333.973876953125 0
1601179389548 741.9424438476562 0
1601179480027 869.6989135742188 0
1601179580991 870.5574340820312 0
1601179668362 309.3136291503906 0
1601179765677 747.32666015625 0
1601179854683 697.2109375 0
1601179948541 564.9346313476562 0
1601180034120 582.5592651367188 0
1601180129105 408.9771728515625 0
1601180230081 913.8207397460938 0
1601180317123 603.8578491210938 0
1601180406367 1196.1800537109375 0
1601180502615 196.5225372314453 0
1601180684195 258.2117004394531 0
1601180783413 142.1658172607422 0
1601180876935 303.9291687011719 0
1601180968066 1163.57373046875 0
1601181058323 1091.0894775390625 0
1601181160477 848.38623046875 0
1601181253874 1019.1166381835938 0
1601181347153 1115.7996826171875 0
1601181437060 646.7474365234375 0
1601181525441 381.7824401855469 0
1601181621845 855.9838256835938 0
1601181715860 1231.4686279296875 0
1601181812263 792.0553588867188 0
1601181906031 774.1248168945312 0
1601182003824 1487.3367919921875 0
1601182095220 156.61083984375 0
1601182193326 480.35614013671875 0
1601182279851 1218.0240478515625 0
1601182375666 1248.54296875 0
1601182471689 178.03990173339844 0
1601182655963 295.19873046875 0
1601182751527 734.8206787109375 0
1601182849638 966.4375610351562 0
1601182943520 391.2325134277344 0
1601183041919 1206.3626708984375 0
1601183136695 848.6129760742188 0
1601183231449 477.62835693359375 0
1601183321253 1284.63720703125 0
1601183417963 801.8818969726562 0
1601183512393 840.4985961914062 0
1601183590221 679.8721313476562 0
1601183680678 759.8629760742188 0
1601183777030 313.1396179199219 0
1601183873656 563.098876953125 0
1601183970821 1223.06640625 0
1601184058225 1865.57861328125 0
1601184153478 859.4323120117188 0
1601184246451 2090.413818359375 0
1601184342702 661.70703125 0
1601184443016 853.1760864257812 0
1601184534100 754.7652587890625 0
1601184633748 1159.9559326171875 0
1601184731845 560.5349731445312 0
1601184819808 518.1038818359375 0
1601184917790 688.8465576171875 0
1601185018002 609.1898193359375 0
1601185106397 885.7520141601562 0
1601185191738 387.9632263183594 0
1601185280869 1785.8404541015625 0
1601185374888 153.05517578125 0
1601185564385 303.1662292480469 0
1601185652415 991.4761352539062 0
1601185743823 1378.2537841796875 0
1601185833614 564.9609375 0
1601185930783 1023.342041015625 0
1601186026254 462.65338134765625 0
1601186117110 342.8058776855469 0
1601186209720 1132.5858154296875 0
1601186295823 801.5079345703125 0
