1602486484290 7082.80810546875 1
1602486532924 6017.01171875 2
1602486581848 5847.2958984375 3
1602486630831 5694.68896484375 4
1602486679843 5322.775390625 5
1602486728904 4887.25830078125 6
1602486777875 4479.87255859375 7
1602486826856 4308.2353515625 8
1602486875666 4130.3154296875 9
1602486924722 3914.018798828125 10
1602486973668 3875.486083984375 11
1602487022676 3602.366455078125 12
1602487071680 3825.33642578125 13
1602487120854 3606.328369140625 14
1602487170062 3691.672119140625 15
1602487219351 3614.324462890625 16
1602487268728 3644.497314453125 17
1602487317841 3697.84716796875 18
1602487366782 3545.266845703125 19
1602487415890 3644.289306640625 20
1602487464902 3470.282470703125 21
1602487513882 3698.74609375 22
1602487563259 3512.602294921875 23
1602487612232 3414.271484375 24
1602487661194 3477.35205078125 25
1602487710395 3429.51708984375 26
1602487759498 3567.86474609375 27
1602487808543 3435.13525390625 28
1602487857567 3562.894287109375 29
1602487906885 3453.080078125 30
1602487955780 3565.1875 31
1602488005344 3466.302490234375 32
1602488054493 3484.935546875 33
1602488103964 3522.7607421875 34
1602488153295 3569.15966796875 35
1602488202694 3613.456298828125 36
1602488252052 3407.914794921875 37
1602488301237 3542.337158203125 38
1602488350835 3518.488037109375 39
1602488399993 3486.605224609375 40
1602488449467 3473.805908203125 41
1602488498709 3471.356689453125 42
1602488547920 3487.34033203125 43
1602488597389 3546.37646484375 44
1602488646737 3640.64599609375 45
1602488696151 3479.018310546875 46
1602488745378 3463.102783203125 47
1602488794887 3496.20361328125 48
1602488844185 3550.213623046875 49
