1602486484290 0.0010000000474974513 1
1602486532924 0.0010000000474974513 2
1602486581848 0.0010000000474974513 3
1602486630831 0.0010000000474974513 4
1602486679843 0.0010000000474974513 5
1602486728904 0.0010000000474974513 6
1602486777875 0.0010000000474974513 7
1602486826856 0.0010000000474974513 8
1602486875666 0.0010000000474974513 9
1602486924722 9.999999747378752e-05 10
1602486973668 9.999999747378752e-05 11
1602487022676 9.999999747378752e-05 12
1602487071680 9.999999747378752e-05 13
1602487120854 9.999999747378752e-05 14
1602487170062 9.999999747378752e-05 15
1602487219351 9.999999747378752e-05 16
1602487268728 9.999999747378752e-05 17
1602487317841 9.999999747378752e-05 18
1602487366782 9.999999747378752e-05 19
1602487415890 7.999999797903001e-05 20
1602487464902 6.399999983841553e-05 21
1602487513882 5.120000059832819e-05 22
1602487563259 4.095999975106679e-05 23
1602487612232 3.276799907325767e-05 24
1602487661194 2.6214398531010374e-05 25
1602487710395 2.0971518097212538e-05 26
1602487759498 1.677721411397215e-05 27
1602487808543 1.34217716549756e-05 28
1602487857567 1.073741714208154e-05 29
1602487906885 8.589933713665232e-06 30
1602487955780 6.8719468799827155e-06 31
1602488005344 5.4975575949356426e-06 32
1602488054493 4.398046257847454e-06 33
1602488103964 3.5184370972274337e-06 34
1602488153295 2.814749677781947e-06 35
1602488202694 2.2517997422255576e-06 36
1602488252052 1.801439793780446e-06 37
1602488301237 1.441151880499092e-06 38
1602488350835 1.152921527136641e-06 39
1602488399993 9.223372217093129e-07 40
1602488449467 7.378697546300828e-07 41
1602488498709 5.902958264414337e-07 42
1602488547920 4.722366497844632e-07 43
1602488597389 3.777893198275706e-07 44
1602488646737 3.0223145586205646e-07 45
1602488696151 4.533471837930847e-07 46
1602488745378 6.80020775689627e-07 47
1602488794887 1.0200311635344406e-06 48
1602488844185 1.5300468021450797e-06 49
