1602291870453 9748.2685546875 1
1602291938370 8891.0283203125 2
1602292005484 6835.310546875 3
1602292072749 5986.29541015625 4
1602292139929 6226.904296875 5
1602292207076 4879.31591796875 6
1602292276347 4496.2734375 7
1602292345209 4434.359375 8
1602292412738 4511.60693359375 9
1602292479802 4378.37841796875 10
1602292546852 4379.85302734375 11
1602292614072 4383.8837890625 12
1602292681700 4057.8955078125 13
1602292748881 3983.74169921875 14
1602292816596 3701.236328125 15
1602292883853 3336.0693359375 16
1602292952129 3257.220458984375 17
1602293019907 3131.79931640625 18
1602293086796 3064.677001953125 19
1602293154202 3163.10400390625 20
1602293221135 3077.09814453125 21
1602293288221 2877.027587890625 22
1602293355997 3022.255126953125 23
1602293425223 3000.714111328125 24
1602293494248 2848.53271484375 25
1602293562621 2884.2451171875 26
1602293632405 2866.41845703125 27
1602293700356 2926.5126953125 28
1602293767545 2907.31201171875 29
1602293835590 2766.89990234375 30
1602293903011 3037.2763671875 31
