1602291870453 0.009999999776482582 1
1602291938370 0.009999999776482582 2
1602292005484 0.009999999776482582 3
1602292072749 0.009999999776482582 4
1602292139929 0.0010000000474974513 5
1602292207076 0.0010000000474974513 6
1602292276347 0.0010000000474974513 7
1602292345209 0.0010000000474974513 8
1602292412738 0.0010000000474974513 9
1602292479802 0.0009000000427477062 10
1602292546852 0.0008100000559352338 11
1602292614072 0.0007290000794455409 12
1602292681700 0.0006561000482179224 13
1602292748881 0.0005904900608584285 14
1602292816596 0.0005314410664141178 15
1602292883853 0.00047829694813117385 16
1602292952129 0.00043046724749729037 17
1602293019907 0.0003874205285683274 18
1602293086796 0.0003486784698907286 19
1602293154202 0.0003138106258120388 20
1602293221135 0.00028242956614121795 21
1602293288221 0.00025418659788556397 22
1602293355997 0.00022876793809700757 23
1602293425223 0.00020589114865288138 24
1602293494248 0.0001853020366979763 25
1602293562621 0.00016677183157298714 26
1602293632405 0.000150094652781263 27
1602293700356 0.0001350851816823706 28
1602293767545 0.0001215766606037505 29
1602293835590 0.00010941899381577969 30
1602293903011 9.847709588939324e-05 31
