1602302288837 19501.765625 1
1602302355869 7351.32568359375 2
1602302424146 6022.9013671875 3
1602302490572 5923.63623046875 4
1602302556983 5699.21337890625 5
1602302623846 5584.18017578125 6
1602302690602 5099.33056640625 7
1602302757476 5061.32421875 8
1602302825104 5116.5009765625 9
1602302896291 4994.4208984375 10
1602302963480 4937.01904296875 11
1602303030190 4832.9326171875 12
1602303096528 4786.64453125 13
1602303163172 4918.23583984375 14
1602303229553 4998.2568359375 15
1602303296548 4808.73974609375 16
1602303363055 4906.333984375 17
1602303429908 5043.32177734375 18
1602303496693 4885.39306640625 19
1602303563499 4690.16259765625 20
1602303630238 4718.3232421875 21
1602303697163 4813.9638671875 22
1602303764164 5193.65087890625 23
1602303830750 4784.15478515625 24
1602303897661 4611.896484375 25
1602303964547 4726.01611328125 26
1602304031341 4700.96337890625 27
1602304099587 4897.390625 28
1602304168721 4667.75146484375 29
1602304235235 4699.345703125 30
1602304301576 4705.40234375 31
1602304368788 4785.27685546875 32
1602304435561 4919.64501953125 33
1602304502386 4665.98046875 34
1602304568892 4891.0380859375 35
1602304636131 4805.02197265625 36
1602304702979 4730.8720703125 37
1602304769930 4931.27783203125 38
1602304836807 4792.95556640625 39
1602304903421 4724.65380859375 40
1602304970277 4983.0703125 41
1602305037549 4800.75439453125 42
1602305104577 4949.9501953125 43
1602305171847 4916.9091796875 44
1602305238443 4634.89208984375 45
1602305305268 4676.52197265625 46
1602305372160 4622.365234375 47
1602305439130 4785.8681640625 48
1602305505968 4616.60546875 49
1602305572766 4876.79736328125 50
1602305639402 4737.595703125 51
1602305706262 5024.76416015625 52
1602305773527 4843.80419921875 53
1602305840412 4925.32421875 54
1602305907980 4566.2841796875 55
1602305975259 5158.56982421875 56
1602306042495 4833.439453125 57
1602306109798 4654.08544921875 58
1602306177303 4822.74365234375 59
1602306243755 4749.1162109375 60
1602306310410 4630.24609375 61
1602306377496 4586.82421875 62
1602306444225 4844.08837890625 63
1602306511093 5301.70068359375 64
1602306578408 4823.03857421875 65
1602306645272 4832.326171875 66
1602306717266 4778.78369140625 67
1602306783989 4721.59326171875 68
1602306851141 4755.65478515625 69
1602306917698 4738.30126953125 70
1602306984616 4764.96142578125 71
1602307051289 4616.27734375 72
1602307118515 4727.62255859375 73
1602307185874 4587.39697265625 74
1602307253128 4890.2080078125 75
1602307320334 4875.68701171875 76
1602307387607 4887.1875 77
1602307454710 4797.1337890625 78
1602307521715 4979.56005859375 79
1602307589575 4631.05615234375 80
1602307657052 4536.8232421875 81
1602307724399 4611.9775390625 82
1602307792164 4758.54638671875 83
1602307859620 4725.52001953125 84
1602307926829 4842.423828125 85
1602307995542 4890.13671875 86
1602308062273 4635.685546875 87
1602308129550 4592.39697265625 88
1602308197188 5022.9638671875 89
1602308264466 4671.4990234375 90
1602308332037 4562.529296875 91
1602308403132 4828.09912109375 92
1602308474518 4630.75146484375 93
1602308542009 4753.904296875 94
1602308609137 4650.42822265625 95
1602308675714 4990.7490234375 96
1602308742876 4923.28173828125 97
1602308810797 5065.76708984375 98
1602308877987 4908.73095703125 99
