1602302288837 0.004999999888241291 1
1602302355869 0.004999999888241291 2
1602302424146 0.004999999888241291 3
1602302490572 0.004999999888241291 4
1602302556983 9.999999747378752e-05 5
1602302623846 9.999999747378752e-05 6
1602302690602 9.999999747378752e-05 7
1602302757476 9.999999747378752e-05 8
1602302825104 9.999999747378752e-05 9
1602302896291 7.999999797903001e-05 10
1602302963480 6.399999983841553e-05 11
1602303030190 5.120000059832819e-05 12
1602303096528 4.095999975106679e-05 13
1602303163172 3.276799907325767e-05 14
1602303229553 2.6214398531010374e-05 15
1602303296548 2.0971518097212538e-05 16
1602303363055 1.677721411397215e-05 17
1602303429908 1.34217716549756e-05 18
1602303496693 1.073741714208154e-05 19
1602303563499 9.663675882620737e-06 20
1602303630238 8.697308658156544e-06 21
1602303697163 7.82757797423983e-06 22
1602303764164 7.044819994916907e-06 23
1602303830750 6.340338131849421e-06 24
1602303897661 5.706304364139214e-06 25
1602303964547 5.135673745826352e-06 26
1602304031341 4.622106189344777e-06 27
1602304099587 4.159895524935564e-06 28
1602304168721 3.743906063391478e-06 29
1602304235235 3.3695155252644327e-06 30
1602304301576 3.032563881788519e-06 31
1602304368788 2.7293074253975647e-06 32
1602304435561 2.4563767055951757e-06 33
1602304502386 2.2107390122982906e-06 34
1602304568892 1.989665179280564e-06 35
1602304636131 1.7906986613525078e-06 36
1602304702979 1.6116288179546245e-06 37
1602304769930 1.4504659020531108e-06 38
1602304836807 1.305419345953851e-06 39
1602304903421 1.174877411358466e-06 40
1602304970277 1.057389681591303e-06 41
1602305037549 9.516506906948052e-07 42
1602305104577 8.564855988879572e-07 43
1602305171847 7.70837061736529e-07 44
1602305238443 6.937533498785342e-07 45
1602305305268 6.24378003521997e-07 46
1602305372160 5.619402259071649e-07 47
1602305439130 5.057461862634227e-07 48
1602305505968 4.5517157332142233e-07 49
1602305572766 4.096544046205963e-07 50
1602305639402 3.686889726850495e-07 51
1602305706262 3.3182007541654457e-07 52
1602305773527 2.9863807071706105e-07 53
1602305840412 2.687742721718678e-07 54
1602305907980 2.4189685632336477e-07 55
1602305975259 2.1770716784885735e-07 56
1602306042495 1.9593645106397162e-07 57
1602306109798 1.763428087997454e-07 58
1602306177303 1.587085307619418e-07 59
1602306243755 1.4283767768574762e-07 60
1602306310410 1.2855390707500192e-07 61
1602306377496 1.1569851920967267e-07 62
1602306444225 1.0412866657816267e-07 63
1602306511093 9.371579778871819e-08 64
1602306578408 8.434421516767543e-08 65
1602306645272 7.59097957825361e-08 66
1602306717266 6.831881904645343e-08 67
1602306783989 6.148693643126535e-08 68
1602306851141 5.5338244209224285e-08 69
1602306917698 4.9804420143573225e-08 70
1602306984616 4.4823977418673167e-08 71
1602307051289 4.0341578966263114e-08 72
1602307118515 3.6307419293279963e-08 73
1602307185874 3.267667736395197e-08 74
1602307253128 2.9409010338099506e-08 75
1602307320334 2.646810948192524e-08 76
1602307387607 2.38212987113684e-08 77
1602307454710 2.1439168662595876e-08 78
1602307521715 1.9295251618700604e-08 79
1602307589575 1.7365726634466228e-08 80
1602307657052 1.5629154859198024e-08 81
1602307724399 1.406623972854959e-08 82
1602307792164 1.2659615578058947e-08 83
1602307859620 1.1393654020253052e-08 84
1602307926829 1.0254288973499115e-08 85
1602307995542 9.22886034260273e-09 86
1602308062273 8.305974574795982e-09 87
1602308129550 7.475376762045016e-09 88
1602308197188 6.7278391746583566e-09 89
1602308264466 6.055055123965758e-09 90
1602308332037 9.082582685948637e-09 91
1602308403132 1.3623873584833746e-08 92
1602308474518 2.04358094890722e-08 93
1602308542009 3.065371600996514e-08 94
1602308609137 4.5980574014947706e-08 95
1602308675714 6.89708627987784e-08 96
1602308742876 1.034562941981676e-07 97
1602308810797 1.5518443774453772e-07 98
1602308877987 2.3277665661680658e-07 99
