1602123813158 10004.78125 1
1602123860885 9683.763671875 2
1602123908465 9402.5068359375 3
1602123956071 9156.28515625 4
1602124008571 8920.9853515625 5
1602124055789 8712.0849609375 6
1602124103048 8487.4404296875 7
1602124150177 8318.75390625 8
1602124197215 8157.29931640625 9
1602124244059 8002.3310546875 10
1602124291125 7867.64697265625 11
1602124338172 7735.39599609375 12
1602124385195 7631.95703125 13
1602124432201 7527.44384765625 14
1602124479115 7409.92822265625 15
1602124525915 7307.0712890625 16
1602124572890 7221.81591796875 17
1602124620059 7117.46630859375 18
1602124667454 7042.69921875 19
1602124714116 6952.6513671875 20
1602124760931 6850.73681640625 21
1602124808098 6779.6328125 22
1602124855122 6698.34375 23
1602124901875 6633.828125 24
1602124948911 6598.46826171875 25
1602124995954 6488.94970703125 26
1602125042939 6441.76513671875 27
1602125089608 6381.53515625 28
1602125136815 6328.97509765625 29
1602125184436 6267.24072265625 30
1602125231642 6221.68017578125 31
1602125279645 6174.99462890625 32
1602125326542 6140.357421875 33
1602125373517 6117.62060546875 34
1602125420800 6021.63916015625 35
