1602360871381 1268.4957275390625 29
1602361128817 1222.1170654296875 30
1602361391111 1224.6796875 31
1602361653585 1145.193603515625 32
1602361913782 1178.087646484375 33
1602362175931 1172.026123046875 34
1602362441749 1165.5902099609375 35
1602362706282 1155.0931396484375 36
1602362967284 1139.5423583984375 37
1602363228829 1126.5347900390625 38
1602363491434 1175.191162109375 39
1602363752011 1142.1788330078125 40
1602364017158 1145.2813720703125 41
1602364282749 1159.03125 42
1602364543112 1127.9410400390625 43
1602364807886 1138.380615234375 44
1602365066222 1148.3907470703125 45
1602365325076 1111.0999755859375 46
1602365586896 1130.2484130859375 47
1602365847304 1125.2821044921875 48
1602366109387 1159.2950439453125 49
