1602360871381 0.0011943934950977564 29
1602361128817 0.0009555147844366729 30
1602361391111 0.0007644118159078062 31
1602361653585 0.0006115294527262449 32
1602361913782 0.0004892235738225281 33
1602362175931 0.0003913788532372564 34
1602362441749 0.0003131030825898051 35
1602362706282 0.0002504824660718441 36
1602362967284 0.00020038596994709224 37
1602363228829 0.00016030877304729074 38
1602363491434 0.0001282470184378326 39
1602363752011 0.0001025976162054576 40
1602364017158 8.207809150917456e-05 41
1602364282749 6.566247611772269e-05 42
1602364543112 5.252998016658239e-05 43
1602364807886 4.2023984860861674e-05 44
1602365066222 3.361918788868934e-05 45
1602365325076 2.689534994715359e-05 46
1602365586896 2.1516279957722872e-05 47
1602365847304 1.7213023966178298e-05 48
1602366109387 1.3770419172942638e-05 49
