1602488901698 7158.0517578125 1
1602488950784 5974.79052734375 2
1602488999854 5463.4677734375 3
1602489048917 5373.68798828125 4
1602489097841 5281.03515625 5
1602489146936 5062.4013671875 6
1602489195775 5092.5947265625 7
1602489244542 4880.857421875 8
1602489293136 4868.3740234375 9
1602489341533 4184.6826171875 10
1602489389921 4233.19677734375 11
1602489438535 4171.392578125 12
1602489487467 4199.26904296875 13
1602489536112 3988.162841796875 14
1602489585075 3985.248046875 15
1602489634101 4018.97802734375 16
1602489683095 3919.53271484375 17
1602489731900 3950.97802734375 18
1602489780748 3966.48486328125 19
1602489829785 3961.41748046875 20
1602489878616 3843.028076171875 21
1602489927662 3863.07763671875 22
1602489976600 3892.527587890625 23
1602490025499 3830.509521484375 24
1602490074304 3868.931640625 25
1602490123125 4031.46044921875 26
1602490172099 4021.487548828125 27
1602490221021 3721.539306640625 28
1602490269917 3810.451904296875 29
1602490318896 3919.881591796875 30
1602490367964 3759.05322265625 31
1602490416931 3862.158447265625 32
1602490465751 3934.157958984375 33
1602490514688 3911.99609375 34
1602490563872 3773.82275390625 35
1602490612943 4053.395263671875 36
1602490661982 3913.728515625 37
1602490711055 3620.13916015625 38
1602490760116 3834.704833984375 39
1602490809297 3712.990478515625 40
1602490858356 3724.86083984375 41
1602490907536 3798.06591796875 42
1602490956780 3796.869140625 43
1602491006037 3932.14990234375 44
1602491055363 3879.224853515625 45
1602491104438 3862.394775390625 46
1602491153598 3773.007568359375 47
1602491202504 3742.853271484375 48
1602491251735 3806.969482421875 49
