1602488901698 0.0010000000474974513 1
1602488950784 0.0010000000474974513 2
1602488999854 0.0010000000474974513 3
1602489048917 0.0010000000474974513 4
1602489097841 0.0010000000474974513 5
1602489146936 0.0010000000474974513 6
1602489195775 0.0010000000474974513 7
1602489244542 0.0010000000474974513 8
1602489293136 0.0010000000474974513 9
1602489341533 9.999999747378752e-05 10
1602489389921 9.999999747378752e-05 11
1602489438535 9.999999747378752e-05 12
1602489487467 9.999999747378752e-05 13
1602489536112 9.999999747378752e-05 14
1602489585075 9.999999747378752e-05 15
1602489634101 9.999999747378752e-05 16
1602489683095 9.999999747378752e-05 17
1602489731900 9.999999747378752e-05 18
1602489780748 9.999999747378752e-05 19
1602489829785 7.999999797903001e-05 20
1602489878616 6.399999983841553e-05 21
1602489927662 5.120000059832819e-05 22
1602489976600 4.095999975106679e-05 23
1602490025499 3.276799907325767e-05 24
1602490074304 2.6214398531010374e-05 25
1602490123125 2.0971518097212538e-05 26
1602490172099 1.677721411397215e-05 27
1602490221021 1.34217716549756e-05 28
1602490269917 1.073741714208154e-05 29
1602490318896 8.589933713665232e-06 30
1602490367964 6.8719468799827155e-06 31
1602490416931 5.4975575949356426e-06 32
1602490465751 4.398046257847454e-06 33
1602490514688 3.5184370972274337e-06 34
1602490563872 2.814749677781947e-06 35
1602490612943 2.2517997422255576e-06 36
1602490661982 1.801439793780446e-06 37
1602490711055 1.441151880499092e-06 38
1602490760116 1.152921527136641e-06 39
1602490809297 9.223372217093129e-07 40
1602490858356 7.378697546300828e-07 41
1602490907536 5.902958264414337e-07 42
1602490956780 4.722366497844632e-07 43
1602491006037 3.777893198275706e-07 44
1602491055363 3.0223145586205646e-07 45
1602491104438 4.533471837930847e-07 46
1602491153598 6.80020775689627e-07 47
1602491202504 1.0200311635344406e-06 48
1602491251735 1.5300468021450797e-06 49
