1602473654987 11664.9443359375 1
1602473913751 8598.033203125 2
1602474171145 6326.8330078125 3
1602474430658 5908.78759765625 4
1602474689883 5436.26416015625 5
1602474955027 4996.24560546875 6
1602475220171 3933.9716796875 7
1602475489184 3035.043701171875 8
1602475760618 2332.96484375 9
1602476027321 1952.2606201171875 10
1602476295427 1896.1322021484375 11
1602476565829 1805.3404541015625 12
1602476832996 1776.184814453125 13
1602477099650 1715.8082275390625 14
1602477366322 1725.4222412109375 15
1602477633871 1658.1368408203125 16
1602477900900 1620.796142578125 17
1602478167685 1572.108154296875 18
1602478433406 1587.720458984375 19
1602478701185 1498.8800048828125 20
1602478966154 1556.5380859375 21
1602479232635 1516.97265625 22
1602479499676 1469.3123779296875 23
1602479767674 1482.943603515625 24
1602480037075 1524.6063232421875 25
1602480304679 1479.486083984375 26
1602480570266 1449.8875732421875 27
1602480838671 1441.670654296875 28
1602481105939 1458.8516845703125 29
1602481373503 1439.000244140625 30
1602481639635 1447.5926513671875 31
1602481908150 1443.580810546875 32
1602482174146 1441.9345703125 33
1602482436743 1426.2176513671875 34
1602482703737 1448.620849609375 35
1602482970831 1435.8604736328125 36
1602483239083 1433.46044921875 37
1602483502329 1430.0921630859375 38
1602483768895 1445.2601318359375 39
1602484034855 1430.6876220703125 40
1602484301222 1432.5830078125 41
1602484567042 1438.4259033203125 42
1602484832939 1431.561279296875 43
1602485098571 1419.3155517578125 44
1602485364039 1422.06201171875 45
1602485630167 1423.5716552734375 46
1602485894763 1412.2464599609375 47
1602486159788 1424.9219970703125 48
1602486426429 1447.4393310546875 49
