1602473654987 0.009999999776482582 1
1602473913751 0.009999999776482582 2
1602474171145 0.009999999776482582 3
1602474430658 0.009999999776482582 4
1602474689883 0.009999999776482582 5
1602474955027 0.009999999776482582 6
1602475220171 0.009999999776482582 7
1602475489184 0.009999999776482582 8
1602475760618 0.009999999776482582 9
1602476027321 0.0010000000474974513 10
1602476295427 0.0010000000474974513 11
1602476565829 0.0010000000474974513 12
1602476832996 0.0010000000474974513 13
1602477099650 0.0010000000474974513 14
1602477366322 0.0010000000474974513 15
1602477633871 0.0010000000474974513 16
1602477900900 0.0010000000474974513 17
1602478167685 0.0010000000474974513 18
1602478433406 0.0010000000474974513 19
1602478701185 0.000800000037997961 20
1602478966154 0.000640000042039901 21
1602479232635 0.0005120000569149852 22
1602479499676 0.00040960003389045596 23
1602479767674 0.00032768002711236477 24
1602480037075 0.0002621440216898918 25
1602480304679 0.00020971521735191345 26
1602480570266 0.00016777217388153076 27
1602480838671 0.00013421774201560766 28
1602481105939 0.00010737419506767765 29
1602481373503 8.589935896452516e-05 30
1602481639635 6.871948426123708e-05 31
1602481908150 5.4975585953798145e-05 32
1602482174146 4.3980468035442755e-05 33
1602482436743 3.518437370075844e-05 34
1602482703737 2.8147498596808873e-05 35
1602482970831 2.251799924124498e-05 36
1602483239083 1.8014399756793864e-05 37
1602483502329 1.4411520169232972e-05 38
1602483768895 1.1529215953487437e-05 39
1602484034855 9.22337312658783e-06 40
1602484301222 7.378698683169205e-06 41
1602484567042 5.902958946535364e-06 42
1602484832939 4.722367066278821e-06 43
1602485098571 3.7778936530230567e-06 44
1602485364039 3.0223150133679155e-06 45
1602485630167 4.533472747425549e-06 46
1602485894763 6.800209121138323e-06 47
1602486159788 1.0200314136454836e-05 48
1602486426429 1.5300471204682253e-05 49
