1602121310626 10381.28125 26
1602121369416 10421.63671875 27
1602121414144 10324.068359375 28
1602121459176 10091.9619140625 29
1602121503773 9993.9267578125 30
1602121546444 9919.75390625 31
1602121589648 9856.98828125 32
1602121633958 9813.140625 33
1602121677512 9772.705078125 34
1602121719779 9746.0712890625 35
1602121761577 9708.8955078125 36
1602121803702 9690.7802734375 37
1602121845884 9649.296875 38
1602121889159 9630.244140625 39
1602121933218 9601.287109375 40
1602121975515 9571.1943359375 41
1602122017547 9542.380859375 42
1602122059996 9514.7333984375 43
1602122102592 9489.0927734375 44
1602122145532 9469.904296875 45
1602122194427 9443.6103515625 46
1602122251574 9422.6357421875 47
1602122302208 9398.0859375 48
1602122355967 9384.6396484375 49
1602122405712 9370.4482421875 50
1602122466883 9338.5400390625 51
1602122525611 9317.1923828125 52
1602122582623 9294.5556640625 53
1602122639686 9269.1083984375 54
1602122698721 9261.4052734375 55
1602122756671 9247.2060546875 56
1602122816054 9222.76171875 57
1602122875185 9201.470703125 58
1602122932775 9186.201171875 59
1602122990308 9166.2705078125 60
1602123040412 9151.9697265625 61
1602123082575 9141.5732421875 62
1602123125193 9126.8544921875 63
1602123168983 9106.732421875 64
1602123213696 9079.6328125 65
