1601085902290 77099.9453125 0
1601085946090 227249.734375 0
1601085991059 142648.890625 0
1601086033770 156328.046875 0
1601086079517 149020.34375 0
1601086124042 149127.140625 0
1601086170022 184178.484375 0
1601086212493 113850.4921875 0
1601086256080 151892.921875 0
1601086299426 147613.796875 0
1601086346961 201905.75 0
1601086390976 97723.609375 0
1601086434912 229692.296875 0
1601086478195 69222.1015625 0
1601086521052 77290.6015625 0
1601086565583 220556.34375 0
1601086610201 149088.640625 0
1601086654159 149201.40625 0
1601086699493 30110.833984375 0
1601086745946 269103.09375 0
