1602314758941 18134.208984375 1
1602314886130 14006.5947265625 2
1602315020154 10146.39453125 3
1602315168152 3518.580078125 4
1602315304707 3940.452880859375 5
1602315433386 2818.764892578125 6
1602315568930 2638.060302734375 7
1602315724539 2592.592529296875 8
1602315864273 2548.9443359375 9
1602316015945 2604.806640625 10
1602316153561 2405.986083984375 11
1602316297575 2380.201904296875 12
1602316434909 2362.927490234375 13
1602316574450 2365.002197265625 14
1602316722517 2359.3037109375 15
1602316879415 2384.20947265625 16
1602317038196 2399.458984375 17
1602317176229 2379.358642578125 18
1602317321053 2393.438720703125 19
1602317452040 2392.58984375 20
1602317598436 2283.50634765625 21
1602317766057 2356.491943359375 22
1602317908411 2304.7685546875 23
1602318036963 2272.72900390625 24
1602318196461 2376.210693359375 25
1602318341142 2276.008544921875 26
1602318497810 2307.724609375 27
1602318658582 2431.23583984375 28
1602318795567 2341.645751953125 29
1602318935355 2434.800048828125 30
1602319072224 2373.501220703125 31
1602319228768 2249.186279296875 32
1602319386131 2340.710205078125 33
1602319534665 2327.1484375 34
1602319659050 2382.922119140625 35
1602319790615 2280.525634765625 36
1602319942015 2333.175537109375 37
1602320094278 2253.981201171875 38
1602320249075 2355.736328125 39
1602320390164 2276.298095703125 40
1602320524216 2224.12109375 41
1602320688548 2440.75830078125 42
1602320825579 2347.2822265625 43
1602320971243 2396.881591796875 44
1602321115117 2325.665283203125 45
1602321277223 2386.41748046875 46
1602321407374 2364.993408203125 47
1602321571765 2444.873779296875 48
1602321716135 2423.85595703125 49
1602321859482 2306.997314453125 50
1602321985155 2398.416015625 51
1602322116736 2219.044677734375 52
1602322269699 2351.743896484375 53
1602322428334 2299.175048828125 54
1602322565857 2378.49609375 55
1602322703789 2346.440185546875 56
1602322876829 2389.976318359375 57
1602323020703 2339.651611328125 58
1602323179207 2452.865234375 59
1602323319275 2250.478271484375 60
1602323472506 2313.0322265625 61
1602323616463 2391.490478515625 62
1602323764027 2324.711669921875 63
1602323909228 2254.8544921875 64
1602324064916 2265.630126953125 65
1602324206842 2400.739501953125 66
1602324347096 2299.039306640625 67
1602324492316 2300.67431640625 68
1602324650402 2327.919677734375 69
1602324795781 2241.381103515625 70
1602324934796 2349.056640625 71
1602325084582 2191.822021484375 72
1602325224822 2348.61865234375 73
1602325368331 2500.655517578125 74
1602325499762 2390.17919921875 75
1602325644541 2245.768798828125 76
1602325787119 2362.382080078125 77
1602325938822 2276.310302734375 78
1602326084320 2314.290771484375 79
1602326227562 2268.33349609375 80
1602326365089 2351.388671875 81
1602326496404 2251.09423828125 82
1602326670871 2296.565673828125 83
1602326817221 2302.28369140625 84
1602326963917 2279.533935546875 85
1602327113897 2369.6689453125 86
1602327260198 2270.20849609375 87
1602327394425 2322.13671875 88
1602327550809 2265.54736328125 89
1602327702594 2365.0869140625 90
1602327874117 2287.410400390625 91
