1602314758941 0.004999999888241291 1
1602314886130 0.004999999888241291 2
1602315020154 0.004999999888241291 3
1602315168152 0.004999999888241291 4
1602315304707 9.999999747378752e-05 5
1602315433386 9.999999747378752e-05 6
1602315568930 9.999999747378752e-05 7
1602315724539 9.999999747378752e-05 8
1602315864273 9.999999747378752e-05 9
1602316015945 7.999999797903001e-05 10
1602316153561 6.399999983841553e-05 11
1602316297575 5.120000059832819e-05 12
1602316434909 4.095999975106679e-05 13
1602316574450 3.276799907325767e-05 14
1602316722517 2.6214398531010374e-05 15
1602316879415 2.0971518097212538e-05 16
1602317038196 1.677721411397215e-05 17
1602317176229 1.34217716549756e-05 18
1602317321053 1.073741714208154e-05 19
1602317452040 9.663675882620737e-06 20
1602317598436 8.697308658156544e-06 21
1602317766057 7.82757797423983e-06 22
1602317908411 7.044819994916907e-06 23
1602318036963 6.340338131849421e-06 24
1602318196461 5.706304364139214e-06 25
1602318341142 5.135673745826352e-06 26
1602318497810 4.622106189344777e-06 27
1602318658582 4.159895524935564e-06 28
1602318795567 3.743906063391478e-06 29
1602318935355 3.3695155252644327e-06 30
1602319072224 3.032563881788519e-06 31
1602319228768 2.7293074253975647e-06 32
1602319386131 2.4563767055951757e-06 33
1602319534665 2.2107390122982906e-06 34
1602319659050 1.989665179280564e-06 35
1602319790615 1.7906986613525078e-06 36
1602319942015 1.6116288179546245e-06 37
1602320094278 1.4504659020531108e-06 38
1602320249075 1.305419345953851e-06 39
1602320390164 1.174877411358466e-06 40
1602320524216 1.057389681591303e-06 41
1602320688548 9.516506906948052e-07 42
1602320825579 8.564855988879572e-07 43
1602320971243 7.70837061736529e-07 44
1602321115117 6.937533498785342e-07 45
1602321277223 6.24378003521997e-07 46
1602321407374 5.619402259071649e-07 47
1602321571765 5.057461862634227e-07 48
1602321716135 4.5517157332142233e-07 49
1602321859482 4.096544046205963e-07 50
1602321985155 3.686889726850495e-07 51
1602322116736 3.3182007541654457e-07 52
1602322269699 2.9863807071706105e-07 53
1602322428334 2.687742721718678e-07 54
1602322565857 2.4189685632336477e-07 55
1602322703789 2.1770716784885735e-07 56
1602322876829 1.9593645106397162e-07 57
1602323020703 1.763428087997454e-07 58
1602323179207 1.587085307619418e-07 59
1602323319275 1.4283767768574762e-07 60
1602323472506 1.2855390707500192e-07 61
1602323616463 1.1569851920967267e-07 62
1602323764027 1.0412866657816267e-07 63
1602323909228 9.371579778871819e-08 64
1602324064916 8.434421516767543e-08 65
1602324206842 7.59097957825361e-08 66
1602324347096 6.831881904645343e-08 67
1602324492316 6.148693643126535e-08 68
1602324650402 5.5338244209224285e-08 69
1602324795781 4.9804420143573225e-08 70
1602324934796 4.4823977418673167e-08 71
1602325084582 4.0341578966263114e-08 72
1602325224822 3.6307419293279963e-08 73
1602325368331 3.267667736395197e-08 74
1602325499762 2.9409010338099506e-08 75
1602325644541 2.646810948192524e-08 76
1602325787119 2.38212987113684e-08 77
1602325938822 2.1439168662595876e-08 78
1602326084320 1.9295251618700604e-08 79
1602326227562 1.7365726634466228e-08 80
1602326365089 1.5629154859198024e-08 81
1602326496404 1.406623972854959e-08 82
1602326670871 1.2659615578058947e-08 83
1602326817221 1.1393654020253052e-08 84
1602326963917 1.0254288973499115e-08 85
1602327113897 9.22886034260273e-09 86
1602327260198 8.305974574795982e-09 87
1602327394425 7.475376762045016e-09 88
1602327550809 6.7278391746583566e-09 89
1602327702594 6.055055123965758e-09 90
1602327874117 9.082582685948637e-09 91
