1601145220098 5036.93994140625 1
1601145385149 4346.1103515625 1
1601145549928 5766.0751953125 1
1601145738792 1731.8819580078125 1
1601145930950 2051.16796875 1
1601146118323 2612.256103515625 1
1601146299943 4138.380859375 1
1601146494970 2277.27001953125 1
1601146697098 3235.717529296875 1
1601146902512 1597.1585693359375 1
1601147116492 1247.434326171875 1
1601147293669 264.1328430175781 1
1601147479301 1311.3544921875 1
1601147668782 2503.2314453125 1
1601147852204 1969.395751953125 1
1601148055603 1675.862060546875 1
1601148239617 1621.5433349609375 1
1601148445726 438.775634765625 1
1601148636573 1465.866455078125 1
1601148824645 2139.94384765625 1
1601149006867 247.70458984375 1
1601149199928 1090.958740234375 1
1601149391425 1024.2451171875 1
1601149602441 1161.7431640625 1
1601149786774 214.0886993408203 1
1601149968608 1267.878662109375 1
1601150160935 1367.3289794921875 1
1601150346071 520.29296875 1
1601150530339 1119.95849609375 1
1601150734413 586.55859375 1
