1601145220331 7352.273681640625 0
1601145385369 4543.82080078125 0
1601145550163 5993.06884765625 0
1601145739030 2557.3356323242188 0
1601145931193 2107.4371337890625 0
1601146118595 2657.221923828125 0
1601146300180 4420.138427734375 0
1601146495203 2355.1192626953125 0
1601146697326 3429.343505859375 0
1601146902734 1813.0584716796875 0
1601147116750 1384.5408935546875 0
1601147293901 469.2305145263672 0
1601147479534 1422.4190063476562 0
1601147669031 2851.38818359375 0
1601147852441 2039.6148681640625 0
1601148055829 1795.0371704101562 0
1601148239862 1724.5630493164062 0
1601148445974 529.0805358886719 0
1601148636817 1607.8606567382812 0
1601148824878 2179.0517578125 0
1601149007097 308.7941436767578 0
1601149200168 1131.8487548828125 0
1601149391662 1022.06787109375 0
1601149602684 1301.2763671875 0
1601149787024 246.58232879638672 0
1601150346369 540.5957946777344 0
1601150530624 1166.9922485351562 0
1601150734675 596.7926635742188 0
