1601092531214 12218.635986328125 0
1601092680678 14367.62841796875 0
1601092827759 10823.3828125 0
1601092973452 8265.67529296875 0
1601093107899 8165.622802734375 0
1601093255990 8948.36572265625 0
1601093412535 9253.7958984375 0
1601093564138 9384.911865234375 0
1601093720069 9953.7509765625 0
1601093870496 4244.675048828125 0
1601094027025 7964500480.0 0
1601094178460 149318852.0 0
1601094321977 5897576.375 0
1601094479173 2217215.4375 0
1601094628458 185510.546875 0
1601094779509 44675.783203125 0
1601094936454 230272.109375 0
1601095090498 447548.953125 0
1601095231818 123145.69140625 0
1601095386399 34153.1044921875 0
1601095543309 67603.6484375 0
1601095689395 85611.59765625 0
1601095834366 92560.45703125 0
1601095978920 108449.685546875 0
1601096133955 33270.9365234375 0
1601096294987 101951.78125 0
1601096452233 38558.775390625 0
1601096614984 79874.9150390625 0
1601096763008 15540.37109375 0
1601096907904 17803.7265625 0
1601097052874 40364.96484375 0
1601097204799 14181.4248046875 0
1601097353452 53589.99609375 0
1601097504224 33176.625 0
1601097659061 17296.01171875 0
1601097815423 19234.466796875 0
1601097975696 22745.39453125 0
1601098119919 12662.07275390625 0
1601098260096 16821.951171875 0
1601098408533 43968.236328125 0
1601098545846 72541.86328125 0
1601098680002 64912.140625 0
1601098841154 52656.1328125 0
1601098998853 17916.1005859375 0
1601099144143 18533.2470703125 0
1601099294802 44104.310546875 0
1601099436306 24202.392578125 0
1601099587624 231909.2734375 0
1601099745464 25947.4501953125 0
1601099897842 18010.50439453125 0
1601100029962 65830.1484375 0
1601100198868 234057.291015625 0
1601100337707 300200.330078125 0
1601100481171 8673566.17578125 0
1601100625135 485897.984375 0
1601100778903 80111.890625 0
1601100943141 3000522698.0 0
1601101100473 629676.0625 0
1601101243702 13156.83251953125 0
1601101390142 15920.42578125 0
1601101536249 5000.05615234375 0
1601101675245 12072.10498046875 0
1601101825727 11501.56298828125 0
1601101972885 11526.20947265625 0
1601102128220 13363.14111328125 0
1601102281879 11311.62939453125 0
1601102432804 6921.693603515625 0
1601102581246 11340.54638671875 0
1601102736612 10488.7216796875 0
1601102889099 13572.3515625 0
1601103039562 11296.84716796875 0
1601103180273 9160.86669921875 0
1601103333268 13340.029296875 0
1601103468896 11414.359375 0
1601103623921 7870.163330078125 0
1601103777372 14086.2314453125 0
1601103927929 12523.5546875 0
1601104067403 14204.8642578125 0
1601104212126 9884.81201171875 0
1601104350819 10067.0400390625 0
1601104491111 9553.74853515625 0
1601104623782 13737.1611328125 0
1601104751943 15212.88720703125 0
1601104890541 6995.417236328125 0
1601105038048 10889.451171875 0
1601105170257 7918.781494140625 0
1601105308433 12120.0810546875 0
1601105461583 8093.09130859375 0
1601105599923 11319.11572265625 0
1601105752064 11467.6279296875 0
1601105916422 11761.546875 0
1601106065722 7624.9013671875 0
1601106216754 11610.01318359375 0
1601106367833 6359.464599609375 0
1601106519281 7710.318603515625 0
1601106666219 10231.19921875 0
1601106827780 10230.60302734375 0
1601106967897 13573.3203125 0
1601107125589 11512.896484375 0
1601107280508 10410.61376953125 0
1601107429150 6871.306640625 0
1601107580369 12918.1435546875 0
1601107727896 11626.75927734375 0
1601107897246 8909.27587890625 0
