1601172738334 312026.875 0
1601172810421 246727.84375 0
1601172878575 378879.40625 0
1601172944664 152627.265625 0
1601173018031 266375.3125 0
1601173081632 144064.8125 0
1601173147611 139151.078125 0
1601173220362 95726.90625 0
1601173290146 142923.125 0
1601173360322 71268.3359375 0
1601173433614 172898.53125 0
1601173504193 356225.90625 0
1601173576913 199363.09375 0
1601173652983 84142.796875 0
1601173725396 69275.953125 0
1601173795369 165499.375 0
1601173870888 208104.953125 0
1601173937481 91905.890625 0
