1602214473946 4173.4326171875 35
1602214602924 2693.830078125 36
1602214731851 2945.402099609375 37
1602214861266 2755.115478515625 38
1602214990520 2571.855224609375 39
1602215119964 2494.320068359375 40
1602215249927 2456.003662109375 41
1602215377632 2683.658203125 42
1602215505077 2590.14013671875 43
1602215632391 2682.356689453125 44
1602215760069 2658.21630859375 45
1602215887910 2493.6201171875 46
1602216014851 2546.08447265625 47
1602216142612 2459.908447265625 48
1602216271496 2465.60888671875 49
