6.5334
8.2843
3.6911
5.8824
7.1611
3.941
7.6761
7.4388
8.4584
8.8301
8.585
8.7346
7.6817
3.241
4.3681
7.9826
0.69985
3.6302
1.6256
9.4617
0.80192
6.3446
2.9927
8.5893
1.4247
9.1953
9.1587
8.2989
0.91722
3.7728
2.8754
6.7514
0.12089
4.6754
5.8603
1.0728
5.7946
5.5986
8.1748
4.7739
7.464
7.7759
1.4049
2.5635
2.8313
8.835
1.4805
7.1246
4.378
7.0214
3.581
6.4314
7.3406
1.3492
7.6737
7.2591
8.9797
7.9978
8.3585
3.1893
7.1391
1.0288
8.1979
5.5371
4.5173
1.7977
0.84348
2.0435
3.7537
8.4086
3.9237
3.8727
8.0232
1.1499
3.8127
9.3717
4.2335
2.9097
9.4965
2.8962
9.7177
6.7888
3.9956
4.5794
6.1482
8.2923
9.5831
2.26
9.4099
2.465
0.78838
6.5257
8.1377
3.933
2.547
2.3597
3.1406
9.0111
1.8723
8.3819
