1602308953615 3331.790771484375 15
1602309021320 3605.6015625 16
1602309088470 3176.7431640625 17
1602309155790 3939.23876953125 18
1602309223074 3755.77001953125 19
1602309290636 3417.240478515625 20
1602309358268 3757.481689453125 21
1602309426130 3523.040771484375 22
1602309493610 3560.240478515625 23
1602309560886 3754.8984375 24
1602309628385 3905.481201171875 25
1602309695944 4216.22412109375 26
1602309763344 3500.885986328125 27
1602309830871 6038.75830078125 28
1602309898296 3608.83203125 29
1602309965648 3694.47119140625 30
1602310033489 3468.600830078125 31
1602310101000 3333.703125 32
1602310168309 3969.58642578125 33
1602310236294 4105.1806640625 34
1602310303689 4028.87890625 35
1602310371529 3695.8564453125 36
1602310438765 3940.13037109375 37
1602310506105 3187.21533203125 38
1602310573403 3288.325439453125 39
1602310641123 3340.75390625 40
1602310708033 3165.416748046875 41
1602310775648 3368.15087890625 42
1602310843239 3602.5771484375 43
1602310910685 3064.127685546875 44
1602310977832 2884.52490234375 45
1602311045382 3108.828857421875 46
1602311112802 3457.151123046875 47
1602311180307 3956.8251953125 48
1602311248122 3117.764404296875 49
1602311315531 3006.571533203125 50
1602311383295 3060.050537109375 51
1602311450859 3475.29833984375 52
1602311518205 4552.833984375 53
1602311585847 3527.831298828125 54
1602311653471 4281.146484375 55
1602311720656 3122.996337890625 56
1602311787974 4137.837890625 57
1602311855576 2944.50927734375 58
1602311922785 2941.38427734375 59
1602311990237 3257.6796875 60
1602312057797 5727.57421875 61
1602312126016 3407.772705078125 62
1602312193083 3036.367919921875 63
1602312260546 3284.0498046875 64
1602312327934 3834.602294921875 65
1602312394586 3338.095947265625 66
1602312462148 3331.02880859375 67
1602312530033 4352.81103515625 68
1602312597999 3866.548095703125 69
1602312665592 3325.029541015625 70
1602312732898 3358.19970703125 71
1602312800804 3345.77587890625 72
1602312868072 5348.40576171875 73
1602312935695 3520.74951171875 74
1602313003744 3754.820068359375 75
1602313071242 4270.08984375 76
1602313138920 3773.514892578125 77
1602313206309 3132.786865234375 78
1602313273733 3665.640869140625 79
1602313341388 3053.034912109375 80
1602313408578 6113.23583984375 81
1602313475709 3067.05615234375 82
1602313543142 3070.549072265625 83
1602313611078 2862.692626953125 84
1602313678255 3952.38330078125 85
1602313745790 3538.947998046875 86
1602313813210 3005.059814453125 87
1602313880326 2895.125 88
1602313947857 4161.08837890625 89
1602314015453 3448.58251953125 90
1602314082526 3419.31689453125 91
1602314149993 3029.33349609375 92
1602314216968 3319.946533203125 93
1602314284455 3889.12646484375 94
1602314351925 3530.9404296875 95
1602314419109 3021.679931640625 96
1602314486533 3583.55078125 97
1602314554242 3415.1201171875 98
1602314622249 4205.60498046875 99
