1602308953615 0.00032768002711236477 15
1602309021320 0.0002621440216898918 16
1602309088470 0.00020971521735191345 17
1602309155790 0.00016777217388153076 18
1602309223074 0.00013421774201560766 19
1602309290636 0.00012079596490366384 20
1602309358268 0.00010871636914089322 21
1602309426130 9.784473513718694e-05 22
1602309493610 8.806026016827673e-05 23
1602309560886 7.925423415144905e-05 24
1602309628385 7.132881000870839e-05 25
1602309695944 6.419592682505026e-05 26
1602309763344 5.7776334870141e-05 27
1602309830871 5.199870065553114e-05 28
1602309898296 4.679883204516955e-05 29
1602309965648 4.211894702166319e-05 30
1602310033489 3.790705159190111e-05 31
1602310101000 3.411634679650888e-05 32
1602310168309 3.070471211685799e-05 33
1602310236294 2.7634241632767953e-05 34
1602310303689 2.4870816559996456e-05 35
1602310371529 2.238373417640105e-05 36
1602310438765 2.0145360394963063e-05 37
1602310506105 1.8130824173567817e-05 38
1602310573403 1.6317741028615274e-05 39
1602310641123 1.4685966561955865e-05 40
1602310708033 1.3217369996709749e-05 41
1602310775648 1.1895633178937715e-05 42
1602310843239 1.0706069588195533e-05 43
1602310910685 9.635462447477039e-06 44
1602310977832 8.671916475577746e-06 45
1602311045382 7.804725100868382e-06 46
1602311112802 7.024252681731014e-06 47
1602311180307 6.321827640931588e-06 48
1602311248122 5.6896446949394885e-06 49
1602311315531 5.120680270920275e-06 50
1602311383295 4.608612471201923e-06 51
1602311450859 4.14775104218279e-06 52
1602311518205 3.732975983439246e-06 53
1602311585847 3.3596784305700567e-06 54
1602311653471 3.023710632987786e-06 55
1602311720656 2.7213395696890075e-06 56
1602311787974 2.4492055672453716e-06 57
1602311855576 2.2042850105208345e-06 58
1602311922785 1.983856463994016e-06 59
1602311990237 1.7854707721198793e-06 60
1602312057797 1.60692366080184e-06 61
1602312126016 1.446231294721656e-06 62
1602312193083 1.3016081084060716e-06 63
1602312260546 1.1714472520907293e-06 64
1602312327934 1.0543025155129726e-06 65
1602312394586 9.488722412243078e-07 66
1602312462148 8.539850000488514e-07 67
1602312530033 7.685865170969919e-07 68
1602312597999 6.91727848334267e-07 69
1602312665592 6.225550350791309e-07 70
1602312732898 5.602995543085854e-07 71
1602312800804 5.042696216150944e-07 72
1602312868072 4.5384265945358493e-07 73
1602312935695 4.084583906660555e-07 74
1602313003744 3.6761255728379183e-07 75
1602313071242 3.308512930288998e-07 76
1602313138920 2.9776617793686455e-07 77
1602313206309 2.679895487744943e-07 78
1602313273733 2.4119060526572866e-07 79
1602313341388 2.170715447391558e-07 80
1602313408578 1.9536439310741116e-07 81
1602313475709 1.7582794953341363e-07 82
1602313543142 1.582451574222432e-07 83
1602313611078 1.424206459432753e-07 84
1602313678255 1.2817858419111872e-07 85
1602313745790 1.1536072719309232e-07 86
1602313813210 1.0382465376324035e-07 87
1602313880326 9.344218909745905e-08 88
1602313947857 8.409796947717041e-08 89
1602314015453 7.568817039782516e-08 90
1602314082526 1.1353225204402406e-07 91
1602314149993 1.702983780660361e-07 92
1602314216968 2.554475599936268e-07 93
1602314284455 3.831713399904402e-07 94
1602314351925 5.747569957748055e-07 95
1602314419109 8.621354936622083e-07 96
1602314486533 1.2932032404933125e-06 97
1602314554242 1.9398048607399687e-06 98
1602314622249 2.909707291109953e-06 99
