1601139279927 569.1714477539062 1
1601139376459 804.3837890625 1
1601139476280 36.462711334228516 1
1601139581478 630.981689453125 1
1601139683177 477.4857177734375 1
1601139785008 520.2098999023438 1
1601139882964 135.62742614746094 1
1601139983569 297.0794677734375 1
1601140083786 823.4810180664062 1
1601140185137 250.7436981201172 1
1601140279939 155.76670837402344 1
1601140377282 95.34500885009766 1
1601140475431 56.540985107421875 1
1601140577665 40.97294998168945 1
1601140678561 58.212406158447266 1
1601140780072 84.02884674072266 1
1601140879742 28.676525115966797 1
1601140979096 78.31008911132812 1
1601141081050 22.8410587310791 1
1601141180674 164.35028076171875 1
1601141282060 29.40105438232422 1
1601141383034 48.01909637451172 1
1601141482397 25.579402923583984 1
1601141577991 368.6795654296875 1
1601141676407 21.644502639770508 1
1601141776591 36.63916015625 1
1601141878242 58.952606201171875 1
1601141976977 31.80851173400879 1
1601142075882 220.09378051757812 1
1601142172302 30.43693733215332 1
1601142273547 24.687793731689453 1
1601142372020 30.447378158569336 1
1601142471132 200.27915954589844 1
1601142572572 42.20440673828125 1
1601142672181 29.868000030517578 1
1601142773100 24.64653778076172 1
1601142869839 52.987220764160156 1
1601142970621 22.076383590698242 1
1601143070486 36.968528747558594 1
1601143172937 22.899066925048828 1
1601143272587 33.87017059326172 1
1601143374777 20.20566749572754 1
1601143472089 13.354982376098633 1
1601143573408 26.12371063232422 1
1601143670014 28.79070281982422 1
1601143782291 8.640984535217285 1
1601143886968 25.693279266357422 1
1601143986289 25.569734573364258 1
1601144082924 16.323396682739258 1
1601144185580 35.740699768066406 1
