1601139280146 659.4844970703125 0
1601139376679 829.7542114257812 0
1601139476511 52.59543037414551 0
1601139785218 568.9937438964844 0
1601139883182 214.31478118896484 0
1601139983789 394.7478790283203 0
1601140084011 986.0237731933594 0
1601140185360 331.69913482666016 0
1601140280166 193.9966583251953 0
1601140377626 110.79063415527344 0
1601140475669 67.68392562866211 0
1601140577900 45.80946922302246 0
1601140678781 113.16644477844238 0
1601140780304 152.10908889770508 0
1601140879971 35.31026077270508 0
1601140979319 81.6776123046875 0
1601141081289 30.58967685699463 0
1601141282302 31.515241622924805 0
1601141383259 58.2462043762207 0
1601141482646 28.308673858642578 0
1601141676637 29.38597583770752 0
1601141776840 50.197649002075195 0
1601141878508 59.091535568237305 0
1601141977246 42.374945640563965 0
1601142172548 37.17971706390381 0
1601142273790 21.185237884521484 0
1601142372260 36.075263023376465 0
1601142572807 56.17228698730469 0
1601142672424 27.422344207763672 0
1601142773345 30.38370704650879 0
1601142870085 110.54753494262695 0
1601142970874 24.482218742370605 0
1601143070755 45.210649490356445 0
1601143173206 27.00259494781494 0
1601143272859 32.547332763671875 0
1601143375022 20.95137882232666 0
1601143472340 13.680214881896973 0
1601143573666 30.184301376342773 0
1601143670246 39.688079833984375 0
1601143782574 10.028255939483643 0
1601143887210 28.711490631103516 0
1601143986526 24.555770874023438 0
1601144083172 16.89842987060547 0
1601144185864 38.67385482788086 0
