3.5563
0.33945
1.473
2.0033
0.52452
1.639
2.4296
0.27955
2.8466
0.73834
4.8806
0.65499
0.79645
2.3675
2.2363
4.6731
1.8494
1.1299
0.95004
1.2987
1.1738
2.9486
0.5038
3.8152
2.5539
1.02
0.72017
1.8537
2.0668
2.635
0.98594
4.7379
1.8497
1.1892
2.9319
3.9312
3.0677
0.27095
2.2834
4.8765
3.2793
0.97243
3.2454
1.8236
4.5039
4.3991
0.51793
1.1979
0.5057
2.0188
1.7818
3.0404
3.2761
4.1628
2.5251
0.69454
3.0902
4.2714
4.3848
4.985
1.7092
2.0798
0.53421
1.1951
2.0246
3.4335
4.3491
3.9609
3.7424
3.1968
1.0676
3.9865
0.96406
1.7747
3.8065
0.77459
4.48
1.7325
4.9452
0.9589
1.3866
3.5976
3.4626
4.4386
1.8407
3.7872
2.0266
3.6268
4.3547
1.8875
3.0417
1.1007
4.4597
1.1445
0.3201
2.7133
0.95907
4.3521
2.9068
3.4403
