1602290367734 376826.03125 1
1602290434138 18536.7578125 2
1602290500985 6557.42822265625 3
1602290567733 25424.056640625 4
1602290634510 7504.16064453125 5
1602290702029 6833.2998046875 6
1602290768247 6581.046875 7
1602290835341 7270.7333984375 8
1602290902325 6997.224609375 9
1602290968829 7418.06640625 10
1602291038523 9132.990234375 11
1602291105983 42092.14453125 12
1602291173138 6036.13134765625 13
1602291239614 7350.66064453125 14
1602291308221 5478.09814453125 15
1602291377272 7240.91259765625 16
1602291449498 6251.7236328125 17
1602291518709 6803.97607421875 18
1602291587926 5956.61083984375 19
