1602290367734 0.019999999552965164 1
1602290434138 0.019999999552965164 2
1602290500985 0.019999999552965164 3
1602290567733 0.019999999552965164 4
1602290634510 0.019999999552965164 5
1602290702029 0.019999999552965164 6
1602290768247 0.019999999552965164 7
1602290835341 0.019999999552965164 8
1602290902325 0.019999999552965164 9
1602290968829 0.018096748739480972 10
1602291038523 0.01637461595237255 11
1602291105983 0.014816365204751492 12
1602291173138 0.013406401500105858 13
1602291239614 0.012130613438785076 14
1602291308221 0.010976233519613743 15
1602291377272 0.009931706823408604 16
1602291449498 0.008986580185592175 17
1602291518709 0.008131394162774086 18
1602291587926 0.007357589900493622 19
