1602294511148 18221.650390625 1
1602294584383 6821.86865234375 2
1602294651561 6129.330078125 3
1602294720695 6156.2919921875 4
1602294790627 5434.81103515625 5
1602294857305 4257.99658203125 6
1602294925494 5017.31396484375 7
1602294992281 3952.963623046875 8
1602295059786 3459.947509765625 9
1602295126314 3381.996337890625 10
1602295196211 3321.731689453125 11
1602295263259 3447.3603515625 12
1602295333910 3192.584716796875 13
1602295401109 3338.239013671875 14
1602295467840 3177.6826171875 15
1602295536976 3233.260498046875 16
1602295603471 3169.359130859375 17
1602295670939 3092.622314453125 18
1602295739265 3209.123046875 19
1602295808444 3149.41357421875 20
1602295876445 3021.13671875 21
1602295943105 3136.59375 22
1602296011477 3146.21923828125 23
1602296079144 3271.61669921875 24
