1602294511148 0.009999999776482582 1
1602294584383 0.009999999776482582 2
1602294651561 0.009999999776482582 3
1602294720695 0.009999999776482582 4
1602294790627 0.006000000052154064 5
1602294857305 0.003599999938160181 6
1602294925494 0.00215999991632998 7
1602294992281 0.0012959999730810523 8
1602295059786 0.0007775999838486314 9
1602295126314 0.0005443199770525098 10
1602295196211 0.00038102397229522467 11
1602295263259 0.00026671678642742336 12
1602295333910 0.00018670175631996244 13
1602295401109 0.00013069123087916523 14
1602295467840 9.148386016022414e-05 15
1602295536976 6.403870065696537e-05 16
1602295603471 4.4827091187471524e-05 17
1602295670939 3.137896419502795e-05 18
1602295739265 2.1965275664115325e-05 19
1602295808444 1.7572219803696498e-05 20
1602295876445 1.4057775842957199e-05 21
1602295943105 1.1246220310567878e-05 22
1602296011477 8.996976248454303e-06 23
1602296079144 7.197580998763442e-06 24
