1602297667871 4459.39794921875 38
1602297734338 3109.281494140625 39
1602297802729 3076.485107421875 40
1602297869659 3087.98388671875 41
1602297936549 3086.60791015625 42
1602298003111 3358.92236328125 43
1602298070132 3118.5126953125 44
1602298136918 3278.03515625 45
1602298203320 3089.633544921875 46
1602298270005 3231.6376953125 47
1602298336645 3303.24609375 48
1602298403545 2917.088134765625 49
1602298470332 3099.416259765625 50
1602298537460 3414.83837890625 51
1602298604317 3153.413818359375 52
