1602297667871 9.999999717180685e-10 38
1602297734338 9.999999717180685e-10 39
1602297802729 9.999999717180685e-10 40
1602297869659 9.999999717180685e-10 41
1602297936549 9.999999717180685e-10 42
1602298003111 9.999999717180685e-10 43
1602298070132 9.999999717180685e-10 44
1602298136918 9.999999717180685e-10 45
1602298203320 9.999999717180685e-10 46
1602298270005 9.999999717180685e-10 47
1602298336645 9.999999717180685e-10 48
1602298403545 9.999999717180685e-10 49
1602298470332 4.999999858590343e-10 50
1602298537460 2.4999999292951713e-10 51
1602298604317 1.2499999646475857e-10 52
