1601115682231 11343.71484375 0
1601115817012 9698.9736328125 0
1601115966062 7643.599853515625 0
1601116116860 10118.46484375 0
1601116273888 10032.4912109375 0
1601116417969 9860.2119140625 0
1601116566068 7426.294921875 0
1601116717345 386510987722752.0 0
1601116876817 492946404352.0 0
1601117029860 441314874.0 0
1601117184106 367979.005859375 0
1601117339053 13683.57373046875 0
1601117482556 7497.277587890625 0
1601117620301 11765.27099609375 0
1601117771220 16561.029296875 0
1601117910152 9788.52783203125 0
1601118056516 8848.826171875 0
1601118195882 7669.639892578125 0
1601118341736 15236.5419921875 0
1601118492552 16015.41748046875 0
1601118629737 9489.75927734375 0
1601118783495 12250.4228515625 0
1601118931191 9626.6669921875 0
1601119067947 12146.37841796875 0
1601119209597 14373.501953125 0
1601119347091 10775.29931640625 0
1601119487259 10652.2666015625 0
1601119630234 11007.79736328125 0
1601119787639 111683049625543.12 0
1601119921240 108674338816.0 0
1601120060834 521850093568.0 0
1601120202297 26028394240.0 0
1601120355861 12482443776.0 0
1601120507197 1269877708947456.0 0
1601120648472 1904053125120.0 0
1601120787340 232155938816.0 0
1601120926682 90976256000.0 0
1601121072984 113975148544.0 0
1601121226208 58100045824.0 0
1601121372460 23185282048.0 0
1601121522045 20066053120.0 0
1601121667958 16315160576.0 0
1601121816266 19390459904.0 0
1601121978596 8495870976.0 0
1601122128568 1686490304.0 0
1601122293974 1288063552.0 0
1601122446184 1032486752.0 0
1601122594978 864853728.0 0
1601122741561 621255232.0 0
1601122886082 416720000.0 0
1601123052837 151721164.0 0
1601123217414 74374052.0 0
1601123410774 38009319.0 0
1601123565965 13553093.0 0
1601123739879 6626300.75 0
1601123897271 2892095.125 0
1601124060143 4307201.25 0
1601124218547 1797188.75 0
1601124394200 1033508.46875 0
1601124564589 508059.328125 0
