0,0,0,0,0,0,0,0,0,0,0,0,0,0,0,0,0,0,0,0,0,0,0,0,0,0,0,0,0,0,0,0,0,0,0,0,0,0,0,0,0,0,0,0,0,0,0,0,0,0,0,0,0,0,0,0,0,1,1,1,1,1,1,1,2,7,7,8,8,9,11,11,11,12,12,13,13,13,13,15,20,20,21,21,22,24,25,26,26,35,35,35,38,38,38,38,38,45,55,57,58,60,67,73,75,82,85,85,85,85,87,89,90,98,98,99,99,104,104,107,124,128,130,130,142,146,149,158,162,168,173,185,194,215,235,235,235,246,250,275,281,297,308,325,339,355,361,361,374,375,377,378,385,387,387,388,394,400,406,417,429,430,439,442,446,446,447,459,489,495,506,515,520,537,546,554,570,578,609,641,644,671,677,679,679,679,684,694,696,698,710,717,717,720,733,735,736,739,778,822
0,0,0,0,0,0,0,0,0,0,0,1,2,2,2,3,4,7,7,8,9,9,11,11,11,14,24,26,36,36,36,41,41,42,47,51,53,55,58,59,60,64,68,69,76,76,86,97,98,98,99,100,103,106,115,117,136,137,143,144,155,163,166,166,178,199,220,234,246,246,260,264,266,266,272,275,279,292,311,315,332,348,357,377,412,412,416,420,435,444,457,459,537,538,551,553,560,582,582,582,588,591,592,593,618,633,635,658,667,695,703,801,825,859,862,885,894,925,944,947,963,967,972,973,979,990,1001,1001,1015,1040,1063,1063,1073,1082,1088,1107,1119,1120,1137,1137,1145,1146,1149,1150,1163,1164,1171,1182,1184,1209,1210,1217,1219,1235,1240,1242,1245,1267,1297,1307,1310,1322,1328,1355,1368,1379,1405,1430,1449,1463,1475,1482,1485,1487,1491,1491,1494,1495,1498,1498,1501,1502,1515,1543,1560,1562,1564,1573,1588,1596,1611,1643,1654,1657,1700,1700,1701,1705,1720,1723
0,0,0,0,0,0,0,0,0,0,0,0,0,0,0,0,0,0,0,0,0,0,0,0,0,0,0,0,0,0,0,0,0,0,0,0,0,0,0,0,0,0,0,0,0,0,0,0,0,0,0,0,0,0,0,0,0,0,0,0,0,0,0,0,0,0,0,0,0,0,0,0,0,0,0,0,0,0,0,0,0,0,0,0,0,0,0,0,0,0,0,0,0,0,0,0,0,0,0,0,0,0,0,0,0,0,0,0,0,0,0,0,0,0,0,0,0,0,0,0,0,0,0,0,0,0,0,0,0,0,0,0,0,0,0,0,0,0,0,0,0,0,0,0,0,0,0,0,0,0,0,0,0,0,0,0,0,0,0,0,0,0,0,0,0,0,0,0,0,0,0,0,0,0,0,0,0,0,0,0,0,0,0,0,0,0,0,0,0,0,0,0,0,0,0,0,0,0,0,0
0,0,0,0,0,0,0,0,0,0,0,0,0,0,0,0,0,0,0,0,0,0,0,0,0,0,0,0,0,0,0,0,0,0,0,0,0,0,0,0,0,0,0,0,0,0,0,0,0,0,0,0,0,0,0,0,0,0,0,0,0,0,0,0,0,0,0,0,0,0,0,0,0,0,0,0,0,0,0,0,0,0,0,0,0,0,0,0,0,0,0,0,0,0,0,0,0,0,0,0,0,0,0,0,0,0,0,0,0,0,0,0,0,0,0,0,0,0,0,0,0,0,0,0,0,0,0,0,0,0,0,0,0,0,0,0,0,0,0,0,0,0,0,0,0,0,0,0,0,0,0,0,0,0,0,0,0,0,0,0,0,0,0,0,0,0,0,1,1,1,2,2,2,2,2,2,2,2,2,2,2,2,2,2,2,2,2,4,4,4,4,4,4,4,4,4,4,4,4,4
0,0,0,0,0,0,0,0,0,0,0,0,0,0,0,0,0,0,0,0,0,0,0,1,1,1,1,1,1,2,2,2,2,2,2,2,5,5,6,6,6,6,6,8,8,8,11,11,12,14,15,15,17,19,19,23,23,25,30,33,35,35,35,35,40,42,48,55,62,62,71,71,71,77,79,88,96,96,99,119,119,119,127,132,133,135,137,143,153,159,162,164,164,170,177,186,195,204,210,210,215,216,226,227,227,229,232,236,246,249,249,254,260,260,269,273,316,316,316,327,335,335,344,360,362,363,387,393,394,414,414,421,431,432,435,442,443,458,463,473,476,478,484,489,497,504,510,510,532,532,545,550,550,552,559,569,569,573,585,587,594,605,608,611,626,629,634,636,639,640,643,660,668,668,668,685,689,692,705,715,718,734,738,755,760,814,819,821,841,845,847,859,869,944,944,952,952,964,966,994
0,0,0,0,0,0,0,0,0,0,0,0,0,0,0,0,0,0,0,0,0,0,0,0,0,0,0,0,0,0,0,0,0,0,0,0,0,0,0,0,0,0,0,0,0,0,0,0,0,0,0,0,0,0,0,0,0,0,0,0,0,0,0,0,0,0,0,0,0,0,0,0,0,0,0,0,0,0,0,0,0,0,0,0,0,0,1,1,1,1,1,1,1,1,1,1,1,1,1,1,1,1,1,1,1,1,1,1,1,1,2,2,2,2,2,2,2,2,2,2,2,2,2,2,2,2,2,2,2,2,2,2,2,2,2,2,2,2,2,2,2,2,3,3,4,4,4,4,4,5,5,5,5,5,6,6,7,7,7,7,7,7,8,8,8,8,8,8,8,8,8,8,8,8,8,8,8,8,8,8,8,8,8,8,8,8,8,8,8,8,8,8,8,8,8,8,8,8,9,9
0,0,0,0,0,0,0,0,0,0,0,0,0,0,0,0,0,0,0,0,0,0,0,0,0,0,0,0,0,0,0,0,0,0,0,0,0,0,0,0,0,0,0,0,0,0,0,0,0,0,0,0,0,0,0,0,0,0,0,0,0,0,0,0,0,0,0,0,0,0,0,0,0,0,0,0,0,0,0,0,0,0,0,0,0,0,0,0,0,0,0,0,0,0,0,0,0,0,0,0,0,0,0,0,0,0,0,0,0,0,0,0,0,0,0,0,0,0,0,0,0,0,0,0,0,0,0,0,0,0,0,0,0,0,1,1,1,1,1,1,1,2,2,2,2,2,3,3,3,4,4,4,4,4,4,4,4,4,4,4,5,6,6,6,6,6,9,9,9,9,9,9,11,11,12,12,12,13,13,13,14,14,14,14,14,14,14,14,14,14,14,14,14,14,14,14,14,14,14,14
0,0,0,0,0,0,0,0,0,0,0,0,0,0,0,0,0,0,0,0,0,0,0,0,0,0,0,0,0,0,0,0,0,0,0,0,0,0,0,0,0,0,0,0,0,0,0,0,0,0,0,0,0,0,0,0,0,0,0,0,0,0,0,0,0,0,0,0,0,0,0,0,0,0,0,0,0,0,0,0,0,0,0,0,0,0,0,0,0,0,0,0,0,0,0,0,0,0,0,0,0,0,0,0,0,0,0,0,0,0,0,0,0,0,0,0,0,0,0,0,0,0,0,0,0,0,0,0,0,0,0,0,0,0,0,0,0,1,1,2,2,2,2,2,2,2,2,3,3,5,5,5,5,5,5,5,5,5,5,5,5,5,5,5,5,5,5,5,5,5,5,5,5,5,5,5,5,5,5,5,5,5,5,5,5,5,5,5,5,5,6,6,6,7,7,7,8,10,10,10
0,0,0,0,0,0,0,0,0,0,0,0,0,0,0,0,0,0,0,0,0,0,0,0,0,0,0,0,0,0,0,0,0,0,0,0,0,0,0,0,0,0,0,0,0,0,0,0,0,0,0,0,0,0,0,0,0,0,0,0,0,0,0,0,0,0,0,0,0,0,0,0,0,0,0,0,0,0,0,0,0,0,0,0,0,0,0,0,0,0,0,0,0,0,0,0,0,0,0,0,0,0,0,0,0,0,0,0,0,0,0,0,0,0,0,0,0,0,0,0,0,0,0,0,0,0,0,0,0,0,0,0,0,0,0,0,0,0,0,0,0,0,0,0,0,0,0,0,0,0,0,0,0,0,0,2,2,2,2,2,4,4,4,4,4,4,5,5,6,6,6,6,7,7,7,7,7,7,7,7,7,7,7,7,8,8,8,8,8,8,8,9,9,9,9,9,9,9,9,9
0,0,0,0,0,0,0,0,0,0,0,0,0,0,0,0,0,0,0,0,0,0,0,0,0,0,0,0,0,0,0,0,0,0,0,0,0,0,0,0,0,0,0,0,0,0,0,0,0,0,0,0,0,0,0,0,0,0,0,0,0,0,0,0,0,0,0,0,0,0,0,0,0,0,0,0,0,0,0,0,0,0,0,0,0,0,0,0,0,0,0,0,0,0,0,0,0,0,0,0,0,0,0,0,0,0,0,0,0,0,0,0,0,0,0,0,0,0,0,0,0,0,0,0,0,0,0,0,0,0,0,0,0,0,0,0,0,0,0,0,0,0,0,0,0,0,0,0,0,0,0,0,0,0,0,0,0,0,0,0,0,0,0,0,0,0,0,0,1,1,1,1,1,1,1,1,2,2,2,2,2,2,2,2,2,2,2,2,2,2,2,2,2,2,2,2,2,2,2,2
0,0,0,0,0,0,0,0,0,0,0,0,0,0,0,0,0,0,0,0,0,0,0,0,0,0,0,0,0,0,0,0,0,0,0,0,0,0,0,0,0,0,0,0,0,0,0,0,0,0,0,0,0,0,0,0,0,0,0,0,0,1,1,1,1,1,1,2,2,2,2,2,2,2,2,2,3,4,4,4,4,4,4,4,5,6,6,6,6,6,8,10,10,10,10,10,10,10,10,10,12,12,12,12,13,13,13,13,20,20,20,20,23,25,27,27,34,38,40,40,41,41,41,42,42,43,44,44,44,44,47,48,50,50,53,53,53,53,54,54,54,55,60,62,67,67,68,68,71,74,74,75,80,83,83,83,84,87,95,95,95,96,96,97,98,98,99,99,99,99,99,100,106,106,112,117,120,122,122,122,125,129,130,133,134,143,143,144,144,146,147,148,148,157,160,160,160,162,167,167
0,0,0,0,0,0,0,0,0,0,0,0,0,0,0,0,0,0,0,0,0,0,0,0,0,0,0,0,0,0,0,0,0,0,0,0,0,0,0,0,0,0,0,0,0,0,0,0,0,0,0,0,0,0,0,0,0,0,0,0,0,0,0,0,0,0,0,0,0,0,0,0,0,0,0,0,0,0,0,0,0,0,0,0,0,0,0,0,0,0,0,0,0,0,0,0,0,0,0,0,0,0,0,0,0,0,0,0,0,0,0,0,0,0,0,0,0,0,0,0,0,0,0,0,0,0,0,0,0,0,0,0,0,0,0,0,0,0,0,0,0,0,0,0,0,0,0,0,0,0,0,0,0,0,0,0,0,0,0,0,0,0,0,0,0,0,0,0,1,1,1,1,1,1,1,1,1,1,1,1,1,1,1,1,1,1,1,1,1,1,1,1,1,1,1,1,1,1,1,1
0,0,0,0,0,0,0,0,0,0,0,0,0,0,0,0,0,0,0,0,0,0,0,0,0,0,0,0,0,0,0,0,0,0,0,0,0,0,0,0,0,0,0,0,0,0,0,0,0,0,0,0,0,0,0,0,0,0,0,0,0,0,0,0,0,0,0,0,0,0,0,0,1,1,1,1,1,1,1,1,1,1,1,1,2,2,2,2,3,3,3,3,3,3,4,4,4,4,4,5,5,5,5,5,5,5,5,5,5,5,5,5,5,5,5,6,6,6,6,6,6,6,6,6,6,6,6,7,7,8,9,9,9,9,9,11,14,16,17,18,19,19,19,19,19,19,19,19,19,24,30,30,33,33,34,34,34,34,34,34,35,35,35,35,36,36,36,38,39,39,41,41,41,43,43,43,43,46,48,48,48,50,51,51,52,53,59,60,62,63,66,68,68,70,71,73,74,74,75,75
0,0,0,0,0,0,0,0,0,0,0,0,0,0,1,1,1,1,1,3,3,8,17,17,18,18,19,19,20,23,23,25,28,34,40,45,48,51,53,55,56,56,57,57,57,58,61,64,68,70,92,93,102,105,113,115,126,130,131,133,134,136,139,145,158,158,188,194,201,203,214,220,228,233,245,265,280,281,304,318,333,334,336,350,354,371,387,391,405,407,414,430,448,449,453,457,480,506,523,534,551,562,565,577,589,604,610,638,648,685,686,691,694,698,728,735,738,766,766,775,778,792,792,799,822,827,837,844,857,866,879,880,880,884,911,924,928,931,935,939,944,955,968,977,978,983,1004,1010,1014,1027,1027,1029,1031,1044,1063,1074,1091,1105,1106,1106,1108,1111,1133,1173,1174,1188,1197,1198,1218,1227,1234,1237,1244,1274,1279,1281,1281,1282,1288,1294,1297,1320,1322,1322,1328,1348,1362,1362,1375,1381,1398,1406,1411,1446,1450,1462,1466,1487,1496,1496
0,0,0,0,0,0,0,0,0,0,0,0,0,0,0,0,0,0,0,0,0,0,0,0,0,0,0,0,0,0,0,0,0,0,1,1,1,1,1,2,3,4,4,4,4,6,7,7,7,11,11,12,12,15,20,20,21,23,23,23,26,27,35,37,39,39,41,43,44,44,44,46,46,73,75,76,77,80,81,84,84,88,88,90,93,102,102,104,110,110,110,112,113,113,121,137,161,161,162,175,184,198,200,228,230,238,240,245,272,274,278,278,285,292,295,297,301,302,303,323,325,332,343,345,346,347,347,348,353,354,362,362,364,370,380,380,391,392,393,398,400,413,434,476,478,487,499,499,516,525,533,555,557,562,563,566,576,580,580,582,589,600,616,616,642,649,649,654,658,666,673,680,680,692,692,696,709,715,735,738,771,788,790,806,807,809,817,818,829,829,840,842,860,887,903,903,907,909,911,929
0,0,0,0,0,0,0,0,0,0,0,0,0,0,0,0,0,0,0,0,0,0,0,0,0,0,0,0,0,0,0,0,0,0,0,0,0,0,0,0,0,0,0,0,0,0,0,0,0,0,0,0,0,0,0,0,0,0,0,0,0,0,0,0,0,0,0,0,0,0,0,0,0,0,0,0,0,0,0,0,0,0,0,0,0,0,0,0,0,0,0,0,0,0,0,0,0,0,0,0,0,0,0,0,0,0,0,0,0,0,0,0,0,0,0,0,0,0,0,0,0,0,0,0,0,0,0,0,0,0,1,1,1,1,1,2,2,2,2,2,3,3,3,3,3,3,3,3,4,4,4,4,4,5,5,5,5,5,5,5,6,6,7,8,8,8,9,9,9,9,9,9,9,9,9,9,9,9,9,9,9,9,9,9,10,10,10,10,10,11,11,11,11,11,11,11,11,11,11,11
0,0,0,0,0,0,0,0,0,0,0,0,4,4,4,8,9,9,11,17,18,18,18,27,28,32,50,65,65,82,82,84,94,108,120,130,155,156,159,159,170,174,175,190,194,224,243,256,270,276,289,291,308,319,325,325,331,350,353,358,367,375,379,395,400,407,413,426,426,461,461,482,513,532,532,553,554,561,569,575,580,588,609,612,629,629,639,644,656,661,663,676,681,704,712,717,720,724,728,768,788,792,800,802,843,865,884,925,935,944,950,960,981,1025,1035,1057,1089,1107,1126,1151,1156,1171,1192,1193,1198,1207,1222,1224,1240,1243,1244,1274,1277,1292,1295,1297,1304,1313,1313,1313,1337,1352,1405,1416,1423,1430,1465,1485,1497,1513,1537,1544,1550,1551,1556,1565,1565,1568,1584,1606,1623,1638,1671,1687,1695,1723,1732,1735,1741,1751,1751,1773,1781,1788,1794,1794,1800,1800,1820,1861,1867,1873,1896,1953,1953,1984,1989,1991,1991,1991,2016,2023,2023,2023,2040,2043,2046,2051,2062,2090
0,0,0,0,0,0,0,0,0,0,0,0,0,0,0,0,0,0,0,0,1,1,1,1,1,1,3,3,3,3,3,3,4,4,7,7,7,8,9,10,13,13,14,16,16,16,18,18,19,21,34,52,63,89,92,93,95,111,114,117,125,132,132,141,141,168,185,196,202,202,210,210,212,212,217,220,225,228,230,238,251,252,255,261,264,267,276,279,282,299,302,311,317,319,326,329,339,341,375,382,411,414,417,418,421,445,460,465,477,482,505,508,551,553,561,565,567,580,600,601,604,612,639,647,663,663,667,691,697,719,778,795,801,807,828,836,853,856,857,880,886,888,895,898,898,905,910,927,931,954,956,959,972,982,1001,1003,1013,1014,1031,1034,1046,1051,1065,1066,1069,1069,1086,1109,1115,1121,1123,1125,1127,1127,1141,1158,1167,1167,1173,1207,1218,1233,1244,1244,1264,1269,1269,1273,1277,1286,1294,1297,1305,1358,1369,1379,1399,1431,1431,1431
0,0,0,0,0,0,0,0,0,0,0,0,0,0,0,0,0,0,0,0,2,3,3,3,3,5,5,8,8,8,8,10,10,11,14,17,19,19,19,19,20,23,25,29,35,39,54,56,57,59,60,63,63,67,70,71,75,82,84,85,86,89,89,105,107,108,110,113,121,130,140,140,155,158,160,161,165,171,178,178,189,200,200,211,218,238,239,240,246,250,257,265,266,271,271,274,293,308,309,310,319,341,363,367,377,380,398,405,417,425,442,443,448,454,461,479,482,502,512,550,569,596,598,609,640,640,651,660,663,672,674,698,702,702,703,711,726,726,729,736,738,742,759,772,773,784,787,796,797,799,811,828,836,836,849,856,871,892,913,927,929,936,939,950,956,958,960,971,971,1003,1013,1020,1036,1036,1036,1044,1060,1076,1086,1088,1089,1108,1108,1114,1118,1122,1141,1144,1145,1154,1166,1178,1193,1216,1219,1231,1231,1231,1257,1262
0,0,0,0,0,0,0,0,0,0,0,0,0,0,0,0,0,0,0,0,0,0,0,0,0,0,0,0,0,0,0,0,0,0,0,0,0,0,0,0,0,0,0,0,0,0,0,0,0,0,0,0,0,0,0,0,0,0,0,0,0,0,0,0,0,0,0,0,0,0,0,0,0,0,0,0,0,1,1,1,1,1,1,1,1,1,1,1,1,1,1,1,1,1,1,1,1,2,2,2,2,2,2,2,2,3,3,3,3,3,4,4,4,4,4,4,4,5,8,8,9,11,11,12,12,13,13,13,13,13,13,13,14,14,14,16,16,16,17,17,18,19,19,20,21,23,26,27,28,32,33,33,33,33,33,33,33,36,36,37,37,37,37,38,39,40,40,40,40,40,40,40,42,42,42,42,43,45,45,49,49,49,50,52,52,52,52,52,53,53,55,55,56,57,57,57,57,57,58,58
0,0,0,0,0,0,0,0,0,0,0,0,0,0,0,0,0,0,0,0,0,0,0,0,0,0,0,0,0,0,0,0,0,0,0,0,0,0,0,0,0,0,0,0,0,0,0,0,0,0,0,0,0,0,0,0,0,0,0,0,0,0,0,0,0,0,0,0,0,0,0,0,0,0,0,0,0,0,0,0,0,0,0,0,0,0,0,0,0,0,0,0,0,0,0,0,0,0,0,0,0,0,0,0,0,0,0,0,0,0,0,0,0,0,0,0,0,0,0,0,0,0,0,0,0,0,0,0,0,1,1,1,1,1,2,2,2,2,4,4,4,4,4,4,4,5,5,5,5,5,6,6,6,7,7,7,7,7,7,9,10,10,11,11,11,11,11,12,12,12,12,12,12,12,12,12,12,13,13,13,13,13,13,13,13,15,16,16,16,18,21,21,21,21,23,23,23,25,25,25
0,0,0,0,0,0,0,0,0,0,0,0,0,0,0,0,0,0,0,0,0,0,0,0,0,0,0,0,0,0,0,0,0,0,0,0,0,0,0,0,0,0,0,0,0,0,0,0,0,0,0,0,0,0,0,0,0,0,0,0,0,0,0,0,0,0,0,0,0,0,0,0,0,0,0,0,0,0,0,0,0,0,0,0,0,0,0,0,0,0,0,0,0,0,0,0,0,0,0,0,0,0,0,0,0,0,1,1,1,1,2,2,2,2,2,2,2,2,2,2,2,2,3,3,3,3,3,3,3,4,4,4,4,4,6,6,6,8,8,9,9,9,10,11,11,11,13,13,16,16,17,18,18,19,19,22,23,23,25,25,25,25,25,25,25,31,32,32,32,32,32,35,35,35,35,35,35,35,35,35,35,37,37,43,43,44,44,47,49,49,49,54,55,56,56,56,56,56,56,57
0,0,0,0,0,0,0,0,0,0,0,0,0,0,0,0,0,0,0,0,0,0,0,0,0,0,0,0,0,0,0,0,0,0,0,0,0,0,0,0,0,0,0,0,0,0,0,0,0,0,0,0,0,0,0,0,0,0,0,0,0,0,0,0,0,0,0,0,0,0,0,0,0,0,0,0,0,0,0,0,0,0,0,0,0,0,0,0,0,0,0,0,0,0,0,0,0,0,0,0,0,0,0,0,0,0,0,0,0,0,0,0,0,0,0,0,0,0,0,0,0,0,0,0,0,0,0,0,0,0,0,0,0,0,0,1,1,1,1,1,1,1,1,1,1,1,1,1,1,1,1,1,1,1,1,1,1,1,1,1,1,1,1,1,2,2,2,2,2,2,2,2,2,2,2,2,2,2,2,2,2,2,2,2,2,2,2,2,2,2,2,2,2,2,2,2,2,2,2,2
0,22,49,52,61,83,123,127,163,176,226,228,233,246,246,301,306,345,358,381,407,422,433,436,459,504,579,626,628,638,662,713,714,714,714,738,773,785,794,796,806,828,858,858,873,883,946,974,1033,1067,1070,1109,1128,1136,1158,1167,1170,1216,1225,1251,1275,1288,1300,1328,1329,1335,1337,1346,1370,1393,1393,1410,1467,1469,1482,1525,1538,1557,1557,1557,1559,1588,1590,1594,1602,1605,1610,1626,1631,1649,1663,1665,1670,1703,1704,1720,1721,1733,1745,1763,1770,1797,1799,1804,1817,1841,1849,1871,1878,1894,1906,1933,1935,1944,1974,1976,1994,1999,2008,2039,2058,2059,2075,2077,2088,2097,2111,2130,2144,2155,2168,2174,2174,2186,2188,2207,2215,2215,2221,2231,2233,2233,2239,2252,2277,2315,2320,2367,2373,2381,2401,2410,2424,2432,2439,2458,2458,2460,2482,2482,2487,2497,2518,2593,2595,2595,2613,2613,2613,2616,2620,2629,2653,2675,2679,2679,2686,2694,2702,2712,2717,2737,2749,2750,2764,2773,2779,2779,2798,2805,2808,2817,2820,2826,2855,2878,2893,2926,2934,2935
0,0,0,0,0,0,0,0,0,0,0,0,0,0,0,0,0,0,0,0,0,0,0,0,0,0,0,0,0,0,0,0,0,0,0,0,0,0,0,0,0,0,0,0,0,0,0,0,0,0,0,0,0,0,0,0,0,0,0,0,0,0,0,0,0,0,0,0,0,0,0,0,0,0,0,0,0,0,0,0,0,0,0,0,0,0,0,0,0,0,0,0,0,0,0,0,0,0,0,0,0,0,0,0,0,0,0,0,0,0,0,0,0,0,0,0,0,0,0,0,0,0,0,0,0,0,0,0,0,0,0,0,0,0,0,1,1,1,1,1,1,1,1,1,1,1,1,1,1,1,1,1,1,1,1,1,1,1,1,1,1,1,1,1,1,1,1,1,1,1,1,1,1,1,1,2,2,2,2,2,2,2,2,2,2,2,2,2,2,2,2,2,2,2,2,2,2,2,2,2
0,0,0,0,0,0,0,0,0,0,0,0,0,0,0,0,0,0,0,0,0,0,0,0,0,0,0,0,0,0,0,0,0,0,0,0,0,0,0,0,0,0,0,0,0,0,0,0,0,0,0,0,0,0,0,0,0,0,0,0,0,0,0,0,0,0,0,0,0,0,0,0,0,0,0,0,0,0,0,0,0,0,0,0,0,0,0,0,0,0,0,0,0,0,0,0,0,0,0,0,0,0,0,0,0,0,0,0,0,0,0,0,0,0,0,0,0,0,0,0,0,0,0,0,0,0,0,0,0,0,0,0,0,0,0,0,0,0,0,0,0,0,0,0,0,0,0,0,0,0,0,0,0,0,0,0,0,0,0,0,0,0,0,0,1,1,1,1,1,1,1,1,1,1,1,1,1,1,1,1,1,1,1,1,1,1,1,1,1,1,1,1,1,1,1,1,1,1,1,1
0,0,0,0,0,0,0,0,0,0,0,0,0,0,0,0,0,0,0,0,0,0,0,0,0,0,0,0,0,0,0,0,0,0,0,0,0,0,0,0,0,0,0,0,0,0,0,0,0,0,0,0,0,0,0,0,0,0,0,0,0,0,0,0,0,0,0,0,0,0,0,0,0,0,0,0,0,0,0,0,0,0,0,0,0,0,0,0,0,0,0,0,0,0,0,0,0,0,0,0,0,0,0,0,0,0,0,0,0,0,0,0,0,0,0,0,0,0,0,0,0,0,0,0,0,0,0,0,0,0,0,0,0,0,0,0,0,0,0,0,0,0,0,0,0,0,0,0,0,0,0,0,0,0,0,0,0,0,0,0,0,0,0,0,0,0,0,0,0,0,0,0,0,0,0,0,0,0,0,0,0,0,0,0,0,0,0,0,0,0,0,0,0,0,0,0,0,0,0,0
0,0,0,0,0,0,0,1,2,3,3,10,10,10,17,19,21,42,45,47,50,61,86,86,105,115,118,119,122,124,132,132,134,136,161,176,191,193,199,217,228,230,230,232,269,304,305,315,317,318,324,352,367,388,391,408,425,442,446,456,459,461,474,476,491,492,497,500,515,534,541,548,550,558,558,587,595,597,604,610,638,649,656,664,675,684,686,711,714,714,723,727,734,759,773,808,820,826,832,855,869,870,877,881,893,904,907,935,952,956,983,985,990,996,1028,1041,1056,1058,1061,1068,1072,1081,1099,1103,1137,1150,1163,1179,1234,1252,1260,1270,1279,1287,1308,1313,1329,1396,1438,1449,1467,1468,1490,1517,1533,1538,1568,1575,1578,1578,1589,1606,1639,1658,1668,1671,1673,1674,1690,1726,1727,1750,1758,1760,1763,1765,1768,1799,1842,1847,1858,1874,1879,1887,1891,1918,1918,1925,1951,1953,1972,2015,2029,2050,2050,2050,2063,2078,2085,2094,2107,2114,2142,2154,2159,2173,2183,2198,2205,2207
0,0,0,0,0,0,0,0,0,0,0,0,0,0,0,0,0,0,0,0,0,0,0,0,0,0,0,0,0,0,0,0,0,0,0,0,0,0,0,0,0,0,0,0,0,0,0,0,0,0,0,0,0,0,0,0,0,0,0,0,0,0,0,0,0,0,0,0,0,0,0,0,0,0,0,0,0,0,0,0,0,1,1,1,1,1,1,1,1,1,1,1,1,1,1,1,1,1,1,1,1,1,3,3,3,4,4,5,6,6,6,6,11,11,12,12,12,12,16,16,16,16,17,17,17,17,17,19,19,19,20,22,23,23,24,24,26,26,27,27,28,28,28,28,28,30,30,30,30,30,30,31,31,33,35,35,35,36,37,37,37,37,37,38,38,38,41,42,43,45,47,47,47,47,48,49,50,51,51,51,56,57,57,58,66,66,66,67,67,67,68,70,71,71,71,71,71,71,73,75
0,0,0,0,0,0,0,0,0,0,0,0,0,0,0,0,0,0,0,0,0,0,0,0,0,0,0,0,0,0,0,0,0,0,0,0,0,0,0,0,0,0,0,0,0,0,0,0,0,0,0,0,0,0,0,0,0,0,0,0,0,0,0,0,0,0,0,0,0,0,0,0,0,0,0,0,0,0,0,0,0,0,0,0,0,0,0,0,0,0,0,0,0,0,0,0,0,0,0,0,0,0,0,0,0,0,0,0,0,0,0,0,0,0,0,0,0,0,0,0,0,0,0,0,0,0,0,0,0,0,0,0,0,0,0,0,0,0,0,0,0,0,0,0,0,0,0,0,0,0,0,0,0,0,0,0,0,0,0,0,0,0,0,0,1,1,1,2,2,2,2,3,3,3,3,3,3,3,3,3,3,3,3,3,3,3,3,3,3,3,3,4,4,4,4,4,4,4,4,4
0,0,0,0,0,0,0,0,0,0,0,0,0,0,0,0,0,0,0,0,0,0,0,0,0,0,0,0,0,0,0,0,0,0,0,0,0,0,0,0,0,0,0,0,0,0,0,0,0,0,0,0,0,0,0,0,0,0,0,0,0,0,0,0,0,0,0,0,0,0,0,0,0,0,0,0,0,0,0,0,0,0,0,0,0,0,0,0,0,0,0,0,0,0,0,0,0,0,0,0,0,0,0,0,0,0,0,0,0,0,0,0,0,0,0,0,0,0,0,0,0,0,0,0,0,0,0,0,0,0,0,0,0,0,0,0,0,0,1,1,1,1,1,1,1,1,2,3,4,4,4,4,4,4,4,4,4,4,6,7,8,8,8,8,8,8,9,9,9,9,9,9,9,9,9,9,9,9,9,9,9,9,9,9,10,10,10,10,10,10,10,10,10,10,10,11,11,11,11,11
0,0,0,0,0,0,0,0,0,0,0,0,0,0,0,0,0,0,0,0,0,0,0,0,0,0,0,0,0,0,0,0,0,0,0,0,0,0,0,0,0,0,0,0,0,0,0,0,0,0,0,0,0,0,0,0,0,0,0,0,0,0,0,0,0,0,0,0,0,0,0,0,0,0,0,0,0,0,0,0,0,0,0,0,0,0,0,1,1,1,1,1,1,1,1,1,1,1,1,1,1,1,1,1,1,1,1,1,1,1,1,1,1,1,1,2,2,2,2,2,2,3,4,4,4,6,6,7,7,7,7,7,7,7,7,7,8,8,8,10,10,10,10,11,11,11,11,13,13,14,14,15,15,15,15,15,15,15,15,15,15,17,17,17,17,17,17,17,17,17,17,19,22,22,22,22,23,24,26,26,26,26,27,27,28,29,30,30,30,30,31,32,32,34,35,37,39,39,39,39
0,0,0,0,0,0,0,0,0,0,0,0,0,0,0,0,0,0,0,0,0,0,0,0,0,0,0,0,0,0,0,0,0,0,0,0,0,0,0,0,0,0,0,0,0,0,0,0,0,0,0,0,0,0,0,0,0,0,0,0,0,0,0,0,0,0,0,0,0,0,0,0,0,0,0,0,0,0,0,0,0,0,0,0,0,0,0,0,0,0,0,0,0,0,0,0,0,0,0,0,0,0,0,0,0,0,0,0,0,0,0,0,0,0,0,0,0,0,0,0,0,0,0,0,0,0,0,0,0,0,0,0,0,0,0,0,0,0,0,0,0,0,0,0,0,0,0,0,0,0,0,0,0,0,0,0,0,0,0,0,0,0,0,0,0,0,0,0,0,0,0,0,0,0,0,0,1,1,1,1,1,1,1,1,1,1,1,1,1,1,1,1,1,1,1,1,1,1,1,1
0,0,0,0,0,0,0,0,0,0,0,0,0,0,0,0,0,0,0,0,0,0,0,0,0,0,0,0,0,0,0,0,0,0,0,0,0,0,0,0,0,0,0,0,0,0,0,0,0,0,0,0,0,0,0,0,0,0,0,0,0,0,0,0,0,0,0,0,0,0,0,0,0,0,0,0,0,0,0,0,0,0,0,0,0,0,0,0,0,0,0,0,0,0,0,0,0,0,0,0,0,0,0,0,0,0,0,0,0,0,0,0,0,0,0,0,0,0,0,0,0,0,0,0,0,0,0,0,0,0,0,0,0,0,0,0,0,0,0,0,0,0,0,0,0,0,0,0,0,0,0,0,1,1,1,1,3,3,4,6,6,6,7,7,7,7,7,7,7,7,7,7,7,7,7,7,7,7,7,7,7,7,7,7,7,7,7,7,7,7,7,7,7,7,7,7,7,7,7,7
0,0,0,0,0,0,0,0,0,0,0,0,0,0,0,0,0,0,0,0,0,0,0,0,0,0,0,0,0,0,0,0,0,0,0,0,0,0,0,0,0,0,0,0,0,0,0,0,0,0,0,0,0,0,0,0,0,0,0,0,1,1,1,1,1,1,1,2,2,3,3,3,3,3,3,3,3,3,4,5,5,5,6,8,8,8,8,9,10,10,12,12,12,12,18,19,19,19,19,20,20,20,22,23,23,25,25,25,25,25,26,29,32,32,32,36,37,40,44,44,44,45,47,47,52,56,58,62,70,76,76,76,77,77,80,81,88,88,89,89,91,91,94,94,96,99,104,104,107,107,108,117,118,122,122,127,130,130,136,140,141,143,144,145,148,155,167,168,180,184,190,192,196,203,203,208,211,213,216,217,217,217,220,224,225,240,240,251,257,262,272,272,273,276,281,285,292,301,308,320
0,0,0,0,0,0,0,0,0,0,0,0,0,0,0,0,0,0,0,0,0,0,0,0,0,0,0,0,0,0,0,0,0,0,0,0,0,0,0,1,1,1,1,1,1,1,2,2,2,2,2,2,3,4,4,4,4,4,4,5,5,5,5,5,5,6,6,7,9,9,9,9,10,10,12,12,13,13,13,16,16,16,16,17,17,17,19,19,20,21,21,21,21,23,23,23,23,23,23,23,25,26,31,33,35,35,35,35,36,38,40,40,43,44,45,48,51,56,56,56,59,65,75,76,79,80,83,83,90,93,102,105,108,120,120,120,120,120,122,126,127,134,134,135,135,136,138,143,144,147,147,149,150,151,152,154,156,156,156,156,166,169,169,179,181,185,192,193,198,199,204,205,206,210,211,211,212,215,219,221,223,233,234,237,250,250,251,253,254,255,256,266,283,291,296,298,298,302,323,325
0,0,0,0,0,0,0,0,0,0,0,0,0,0,0,0,0,0,0,0,0,0,0,0,0,0,0,0,0,0,0,0,0,0,0,0,0,0,0,0,0,0,0,0,0,0,0,0,0,0,0,0,0,0,0,0,0,0,0,0,0,0,0,0,0,0,0,0,0,0,0,0,0,0,0,0,0,0,0,0,0,0,0,0,0,0,0,0,0,0,0,0,0,0,0,0,0,0,0,0,0,0,0,0,0,0,0,0,0,0,0,0,0,0,0,0,0,0,0,0,0,0,0,0,0,0,0,0,0,0,0,0,0,0,0,0,0,0,1,1,1,1,1,1,1,1,1,1,1,1,1,1,1,1,1,1,1,1,1,1,1,1,1,2,2,2,2,2,2,2,2,2,2,2,2,2,2,2,2,2,2,2,2,2,2,2,2,2,2,2,2,3,4,4,4,4,4,4,4,4
0,0,0,0,0,0,0,0,0,0,0,0,0,0,0,0,0,0,0,0,0,0,0,0,0,0,0,0,0,0,0,0,0,0,0,0,0,0,0,0,0,0,0,0,0,0,0,0,0,0,0,0,0,0,0,0,0,0,0,0,0,0,0,0,0,0,0,0,0,0,0,0,0,0,0,0,0,0,0,0,0,0,0,0,0,0,0,0,0,0,0,0,0,0,0,0,0,0,0,0,0,0,0,0,0,0,0,0,0,0,0,0,0,0,0,0,0,0,1,1,2,3,3,3,3,3,3,3,3,3,3,4,4,4,4,4,4,4,4,6,8,9,9,9,10,10,11,11,11,11,11,12,13,13,13,13,14,14,14,17,17,17,17,17,17,17,17,17,17,17,18,18,18,18,18,18,18,18,18,18,18,19,20,20,20,20,20,20,20,20,20,20,20,20,20,20,20,20,20,20
0,1,27,69,79,114,134,141,146,153,225,236,242,267,279,323,341,400,452,454,486,518,638,675,699,712,721,731,755,766,769,775,800,851,858,866,868,870,877,885,911,991,995,1011,1013,1032,1034,1047,1052,1055,1074,1097,1124,1124,1132,1154,1178,1183,1193,1200,1207,1224,1277,1279,1284,1314,1324,1335,1390,1397,1404,1433,1442,1475,1493,1505,1511,1522,1531,1543,1548,1553,1563,1576,1611,1613,1628,1628,1648,1671,1738,1740,1745,1788,1793,1809,1809,1861,1901,1927,1929,1934,1936,1964,1983,1984,1986,1994,2001,2002,2007,2024,2024,2026,2075,2078,2101,2111,2128,2131,2158,2168,2178,2183,2187,2188,2238,2266,2268,2269,2285,2285,2287,2288,2289,2299,2304,2322,2338,2340,2374,2422,2456,2457,2468,2471,2474,2485,2486,2486,2487,2505,2506,2507,2510,2527,2540,2544,2545,2547,2551,2569,2569,2590,2599,2625,2630,2636,2640,2640,2652,2658,2661,2661,2675,2681,2681,2701,2710,2712,2721,2779,2799,2804,2805,2813,2815,2818,2832,2871,2873,2878,2888,2919,2920,2920,2930,2930,2944,2962
0,0,0,0,0,0,0,0,0,0,0,0,0,0,0,0,0,0,0,0,0,0,0,0,0,0,0,0,0,0,0,0,0,0,0,0,0,0,0,0,0,0,0,0,0,0,0,0,0,0,0,0,0,0,0,0,0,0,0,0,0,0,0,0,0,0,0,0,0,0,0,0,0,0,0,0,0,0,0,0,0,0,0,0,0,0,0,0,0,0,0,0,0,0,0,0,0,0,0,0,0,0,0,0,0,0,0,0,0,0,0,0,0,0,0,0,0,0,0,0,1,1,1,1,1,1,1,1,1,2,2,3,3,4,4,4,5,5,5,5,5,5,5,5,5,5,5,5,5,5,5,5,5,5,5,5,5,8,10,10,10,11,11,11,12,13,13,14,14,14,14,14,14,14,14,15,16,16,17,17,17,18,18,18,18,18,18,18,18,18,19,19,19,19,19,19,19,20,20,20
0,0,0,0,0,0,0,0,0,0,0,0,0,0,0,0,0,0,0,0,0,0,0,0,0,0,1,1,1,2,2,2,4,5,5,5,5,5,5,5,5,5,6,6,6,6,6,7,7,9,10,11,12,12,12,15,15,16,17,18,19,20,21,22,22,23,23,24,26,28,30,30,33,33,35,36,38,38,42,43,48,61,62,62,63,63,65,65,84,85,86,86,90,92,92,94,94,98,108,114,123,126,128,131,131,142,144,144,144,154,155,174,179,188,193,197,197,199,214,218,245,257,301,302,311,312,313,315,317,322,334,335,354,358,370,388,392,393,410,421,423,426,443,454,475,507,509,514,514,517,519,532,539,553,564,576,580,611,611,612,620,629,634,635,649,653,655,657,659,662,672,672,675,682,687,697,697,705,744,745,748,755,757,772,774,776,806,806,807,809,835,850,869,873,879,888,888,889,934,965
0,0,0,0,0,0,0,0,0,0,0,0,0,0,0,0,0,0,0,0,0,0,0,0,0,0,0,0,0,0,0,0,0,0,0,0,0,0,0,0,0,0,0,0,0,0,0,0,0,0,0,0,0,0,0,0,0,0,0,0,0,0,0,0,0,0,0,0,0,1,1,2,2,2,2,2,2,2,2,4,8,8,8,10,10,13,13,13,13,13,13,13,13,14,14,14,14,14,16,16,16,16,16,17,17,18,20,20,20,20,20,20,20,22,28,28,28,29,31,31,32,34,38,39,42,43,43,46,49,55,58,58,59,59,62,67,67,67,67,68,68,70,70,71,72,74,75,75,75,75,84,86,89,90,90,90,90,92,94,97,102,104,105,107,109,109,113,119,123,125,125,126,126,127,133,133,134,136,137,138,145,148,148,149,152,170,170,170,174,175,178,180,180,180,184,184,184,185,189,190
0,0,0,0,0,0,0,0,0,0,0,0,0,0,0,0,0,0,0,0,0,0,0,0,0,0,0,0,0,0,0,0,0,0,0,0,0,0,0,0,0,0,0,1,1,1,1,1,1,1,1,1,1,1,1,1,1,1,1,1,1,1,1,1,3,3,3,3,3,3,3,3,3,3,3,3,3,3,3,4,4,4,4,4,4,4,4,5,7,7,8,8,8,8,8,9,9,9,9,9,9,9,9,9,9,9,9,9,9,10,10,10,10,10,10,11,18,18,18,19,19,19,21,27,27,27,29,37,37,37,39,39,40,48,50,51,53,55,55,58,61,62,63,69,69,69,71,76,76,76,77,78,79,82,84,84,86,87,87,91,91,92,92,93,93,96,97,97,97,98,106,107,107,115,121,123,123,123,123,124,128,130,138,141,141,143,145,147,148,149,150,151,152,155,156,157,159,160,166,166
0,0,0,0,0,0,0,0,0,0,0,0,0,0,0,0,0,0,0,0,0,0,0,0,0,0,0,0,0,0,0,0,0,0,0,0,0,0,0,0,0,0,0,0,0,0,0,0,0,0,0,0,0,0,0,0,0,0,0,0,0,0,0,0,0,0,0,0,0,0,0,0,0,0,0,0,0,0,0,0,0,0,0,0,0,0,0,0,0,0,0,0,0,0,0,0,0,0,0,0,0,0,0,0,0,0,0,0,0,0,0,0,0,0,0,0,0,0,0,0,0,0,0,0,0,0,0,0,1,1,1,1,1,1,1,1,1,1,1,1,1,1,1,1,1,1,1,1,1,1,2,2,2,2,2,2,2,2,2,2,2,2,2,2,2,4,4,4,4,4,4,4,4,4,4,4,4,4,4,4,4,4,4,4,4,4,5,5,6,6,6,6,6,6,6,6,6,6,6,6
0,0,0,0,0,0,0,0,0,0,0,0,0,0,0,0,0,0,0,0,0,0,0,0,0,0,0,0,0,0,0,0,0,0,0,0,0,0,0,0,0,0,0,0,0,0,0,0,0,0,0,0,0,0,0,0,0,0,0,0,0,0,0,0,0,0,0,0,0,0,0,0,0,0,0,0,0,0,0,0,0,0,0,0,0,0,0,0,0,0,0,0,0,0,0,0,0,0,0,0,0,0,0,0,0,0,0,0,0,0,0,0,0,0,0,0,0,0,0,0,0,0,0,0,0,0,0,0,0,0,0,0,0,0,0,0,0,0,0,0,0,0,0,0,0,0,0,0,0,0,0,0,0,0,0,0,0,0,0,0,0,0,0,0,0,0,0,0,0,0,0,0,0,0,0,0,0,0,0,0,0,0,0,0,0,0,0,0,0,0,0,0,0,0,0,0,0,0,0,0
0,1,2,6,13,13,25,32,41,89,105,113,143,160,169,183,216,233,235,281,283,290,367,407,408,417,417,426,479,511,517,560,561,563,565,573,590,592,608,641,641,646,664,685,701,715,747,750,818,836,869,877,892,896,927,1024,1045,1063,1078,1082,1082,1125,1125,1154,1157,1164,1181,1187,1187,1195,1198,1214,1223,1233,1238,1275,1284,1285,1299,1299,1309,1331,1368,1378,1380,1396,1420,1451,1451,1453,1472,1546,1564,1573,1579,1588,1591,1626,1647,1709,1718,1725,1732,1741,1779,1779,1779,1787,1800,1827,1888,1913,1936,1954,1982,1984,1986,2013,2019,2028,2038,2038,2052,2067,2073,2075,2080,2084,2103,2129,2160,2172,2175,2176,2200,2223,2242,2275,2285,2285,2287,2294,2307,2326,2338,2338,2339,2339,2355,2356,2356,2368,2396,2397,2416,2423,2432,2449,2449,2452,2454,2457,2472,2473,2476,2479,2483,2505,2533,2577,2580,2605,2605,2610,2610,2632,2639,2649,2663,2666,2689,2696,2700,2719,2730,2738,2744,2744,2758,2768,2768,2770,2771,2774,2777,2779,2825,2829,2840,2844
0,0,0,0,0,0,0,0,0,0,0,0,0,0,0,0,0,0,0,0,0,0,0,0,0,0,0,0,0,0,0,0,0,0,0,0,0,0,0,0,0,0,0,0,0,0,0,0,0,0,0,0,0,0,0,0,0,0,0,1,2,2,2,4,6,7,8,8,8,9,11,15,16,16,24,25,25,26,27,28,33,34,36,49,54,60,61,62,78,87,98,108,108,111,113,122,128,135,135,137,137,139,140,142,147,162,168,174,175,178,194,194,197,197,205,207,217,228,228,229,238,259,260,267,269,284,294,323,333,338,338,345,345,347,356,358,364,367,386,386,391,406,423,438,454,455,456,465,469,474,481,486,501,516,516,526,526,526,540,542,542,543,554,556,558,562,575,592,592,630,634,647,647,649,659,669,670,671,686,695,695,706,714,722,741,748,748,753,753,760,770,782,784,810,826,829,838,843,844,873
0,0,0,0,0,0,0,0,0,0,0,0,0,0,0,0,0,0,0,0,0,0,0,0,0,0,0,0,0,0,0,0,0,0,0,0,0,0,0,0,0,0,0,0,0,0,0,0,0,0,0,0,0,0,0,0,0,0,0,0,0,0,0,0,0,0,0,0,0,0,0,0,0,0,0,0,0,0,0,0,0,0,0,0,0,0,0,0,0,0,0,0,0,0,0,0,0,0,0,0,0,0,0,0,0,0,0,0,0,0,0,0,0,0,0,0,0,0,0,0,0,0,0,0,0,0,0,0,0,0,0,0,0,0,0,0,0,0,0,0,0,0,1,1,1,2,2,2,2,2,2,2,2,2,2,2,2,2,2,2,2,2,2,2,2,2,2,2,2,2,2,2,2,2,2,2,2,2,2,2,2,2,2,2,2,2,2,2,2,2,2,2,2,2,2,2,2,2,2,2
0,0,0,0,0,0,0,0,0,0,0,0,0,0,0,0,0,0,0,0,0,0,0,0,0,0,0,0,0,0,0,0,0,0,0,0,0,0,0,0,0,0,0,0,0,0,0,0,0,0,0,0,0,0,0,0,0,0,0,0,0,0,0,0,0,0,0,0,0,0,0,0,1,1,1,1,1,1,1,1,1,1,1,1,1,2,3,3,3,3,4,4,4,4,4,5,5,5,5,6,6,6,7,7,7,7,7,7,7,7,8,9,10,10,11,12,12,12,13,15,15,15,15,15,18,21,24,29,32,35,38,38,41,42,42,42,44,45,45,60,60,60,60,60,62,63,63,64,65,66,67,68,70,70,71,71,71,71,71,73,73,77,79,81,82,82,86,90,91,94,102,105,107,108,108,111,111,117,117,127,132,132,140,141,142,142,142,145,147,151,153,157,157,160,165,167,168,168,168,169
0,0,0,0,0,0,0,0,0,0,0,0,0,0,0,0,0,0,0,0,0,0,0,0,0,0,0,0,2,2,2,2,2,5,5,5,5,5,6,6,7,7,8,8,8,9,9,11,11,11,11,12,12,12,17,19,19,20,20,20,20,20,21,21,24,26,27,27,32,32,32,33,38,39,39,39,45,49,49,52,54,57,60,60,61,61,68,70,72,75,81,86,86,86,92,103,108,110,111,114,116,116,117,119,126,133,142,157,157,158,168,174,174,185,187,189,192,193,224,225,225,229,241,251,252,264,280,286,286,291,293,293,317,317,318,320,326,335,338,356,372,375,376,386,395,398,400,410,412,419,421,423,423,426,442,469,477,478,490,497,501,511,514,514,521,533,534,535,537,544,562,586,601,610,618,635,647,653,667,667,675,679,697,707,711,715,716,721,722,733,787,799,799,801,831,832,856,865,874,913
0,0,0,0,0,0,0,0,0,0,0,0,0,0,0,0,0,0,0,0,0,0,0,0,0,0,0,0,0,0,0,0,0,0,0,0,0,0,0,0,0,0,0,0,0,0,0,0,0,0,0,0,0,0,0,0,0,0,0,0,0,0,0,0,0,0,0,0,0,0,0,0,0,0,0,0,0,0,0,0,0,0,0,0,0,0,0,0,0,0,0,0,0,0,0,0,0,0,0,0,0,0,0,0,0,0,0,0,0,0,0,0,0,0,0,0,0,0,0,0,0,0,0,0,0,0,0,1,1,1,1,2,2,2,2,2,2,2,2,2,3,4,6,6,6,6,7,7,7,7,7,8,8,8,8,8,8,8,8,8,8,8,8,8,8,8,8,8,9,9,9,9,9,9,9,9,9,10,11,11,11,11,11,11,11,11,11,11,12,12,12,12,12,12,12,13,14,14,15,15
0,0,0,0,0,0,0,0,0,0,0,0,0,0,0,0,0,0,0,0,0,0,0,0,0,0,0,0,0,0,0,0,0,0,0,0,0,0,0,0,0,0,0,0,0,0,0,0,0,0,0,0,0,0,0,0,0,0,0,0,0,0,0,0,0,0,0,0,0,0,0,0,0,0,0,0,0,0,0,0,0,0,0,0,0,1,1,1,2,2,2,2,3,3,3,4,4,4,4,4,4,4,5,5,5,5,5,5,5,5,5,8,8,9,9,9,10,10,11,13,13,13,15,16,16,16,17,17,18,20,21,22,25,25,25,27,27,27,27,27,32,32,33,34,34,34,38,40,46,47,51,51,51,52,53,54,55,56,60,60,60,61,61,65,69,72,72,73,73,75,76,77,77,78,79,79,80,80,87,88,90,91,91,92,92,92,95,99,100,102,102,108,108,109,109,110,111,113,113,114
0,0,0,0,0,0,0,0,0,0,0,0,0,0,0,0,0,0,0,0,0,0,0,0,0,0,0,0,0,0,0,0,0,0,0,0,0,0,0,0,0,0,0,0,0,0,0,0,0,0,0,0,0,0,0,0,0,0,0,0,0,0,0,0,0,0,0,0,0,0,0,0,0,0,0,0,0,0,0,0,0,0,0,0,0,0,0,0,0,0,0,0,0,0,0,0,0,0,0,0,0,0,0,0,0,0,0,0,0,0,0,0,0,0,0,0,0,0,0,0,0,0,0,0,0,0,0,0,0,0,0,1,2,2,2,2,2,2,2,2,2,2,3,3,3,3,3,3,3,3,4,4,4,4,4,4,4,4,4,4,4,4,4,4,4,4,4,4,4,4,4,5,5,5,5,5,5,5,5,5,6,6,7,7,7,7,7,7,7,7,7,7,7,7,7,7,7,7,7,7
0,0,0,0,0,0,0,0,0,0,0,0,0,0,0,0,0,0,0,0,0,0,0,0,0,0,0,0,0,0,0,0,0,0,0,0,0,0,0,0,0,0,0,0,0,0,0,0,0,0,0,0,0,0,0,0,0,0,0,0,0,0,0,0,0,0,0,0,0,0,0,0,0,0,0,0,0,0,0,0,0,0,0,0,0,0,0,0,0,0,0,0,0,0,0,0,0,0,0,0,0,0,0,0,0,0,0,0,0,0,0,0,0,0,0,0,0,0,0,0,0,0,0,0,0,0,0,0,0,0,0,0,0,0,0,0,0,0,0,0,0,0,0,0,0,0,0,0,0,0,0,0,0,0,0,0,0,0,1,1,1,1,1,2,2,2,2,2,2,2,2,2,2,2,2,2,2,2,2,2,2,2,2,3,3,3,3,3,4,4,4,4,4,4,4,4,4,6,6,7
0,0,0,0,0,0,0,0,0,0,0,0,0,0,0,0,0,0,0,0,0,0,0,0,0,0,0,0,0,0,0,0,0,0,0,0,0,0,0,0,0,0,0,0,0,0,0,0,0,0,0,0,0,0,0,0,0,0,0,0,0,0,0,0,0,0,0,0,0,0,0,0,0,0,0,0,0,0,0,0,0,0,0,0,0,0,0,0,0,1,1,1,1,1,1,1,1,1,1,1,1,1,1,1,1,1,1,1,1,1,1,1,1,1,1,1,1,1,1,1,2,2,2,2,3,3,3,3,3,3,3,3,3,3,3,3,3,4,5,7,7,7,7,7,7,8,10,11,11,12,12,12,12,12,12,12,21,21,21,21,21,21,21,21,21,22,25,28,28,29,29,29,29,29,29,29,29,29,29,30,31,32,32,33,33,37,38,38,39,40,40,41,41,41,42,42,42,43,43,44
0,0,0,0,0,0,0,0,0,0,0,0,0,0,0,0,0,0,0,0,0,0,0,0,0,0,0,0,0,0,0,0,0,0,0,0,0,0,0,0,0,0,0,0,0,0,0,0,0,0,0,0,0,0,0,0,0,0,0,0,0,0,0,0,0,0,0,0,0,0,0,0,0,0,0,0,0,0,0,0,0,0,0,0,0,0,0,0,0,0,0,0,0,0,0,0,0,0,0,0,1,1,1,2,2,2,2,2,2,2,2,2,2,2,2,2,2,2,3,3,3,3,3,3,3,3,3,4,4,4,4,5,5,5,5,5,5,5,5,5,5,5,6,8,8,9,10,10,10,10,11,11,11,11,11,11,11,12,12,12,12,12,12,12,13,13,13,13,13,13,13,13,13,13,13,13,13,13,13,13,13,13,13,13,13,13,13,13,13,14,14,14,14,14,14,14,17,17,18,18
0,0,0,0,0,0,0,0,0,0,0,0,0,0,0,0,0,0,0,0,0,0,0,0,0,0,0,0,0,0,0,0,0,0,0,0,0,0,0,0,0,0,0,0,0,0,0,0,0,0,0,0,0,0,0,0,0,0,0,0,0,0,0,0,0,0,0,0,0,0,0,0,0,0,0,0,0,0,0,0,0,0,0,0,0,0,0,0,0,0,0,0,0,0,0,0,0,0,0,0,0,0,0,0,0,0,0,0,0,0,0,0,0,0,0,0,0,0,0,0,0,0,0,0,0,0,0,0,0,0,0,0,0,0,0,0,0,0,1,1,1,1,1,1,1,1,1,1,1,1,1,1,2,2,2,2,2,3,3,3,3,3,3,3,3,3,3,3,3,3,3,3,3,3,3,3,3,3,3,3,3,3,3,3,3,3,3,3,3,3,3,3,3,3,3,3,3,3,3,3
0,0,0,0,0,0,0,0,0,0,0,0,0,0,0,0,0,0,0,0,0,0,0,0,0,0,0,0,0,0,0,0,0,0,0,0,0,0,0,0,0,0,0,0,0,0,0,0,0,0,0,0,0,0,0,0,0,0,0,0,0,0,0,0,0,0,0,0,0,0,0,0,0,0,0,0,0,0,0,0,0,0,0,0,0,0,0,0,0,0,0,0,0,0,0,0,0,0,0,0,0,0,0,0,0,0,0,0,0,0,0,0,0,0,0,0,0,0,0,0,0,0,0,0,0,0,0,0,0,0,0,0,0,0,0,0,0,0,0,0,0,0,0,0,0,0,0,0,0,0,0,0,0,0,0,0,0,0,0,0,0,0,0,0,0,0,0,0,0,0,0,0,0,0,0,0,0,0,0,0,0,0,0,0,0,0,0,0,0,0,0,0,0,0,0,0,0,0,0,0
0,0,0,0,0,0,0,0,0,0,0,0,0,0,0,0,0,0,0,0,0,0,0,0,0,0,0,0,0,0,0,0,0,0,0,0,0,0,0,0,0,0,0,0,0,0,0,0,0,0,0,0,0,0,0,0,0,0,0,0,0,0,0,0,0,0,0,0,0,0,0,0,0,0,0,0,1,1,1,1,1,1,1,1,1,2,2,2,2,2,3,4,5,7,7,7,7,7,9,9,9,9,11,11,11,12,13,15,15,16,22,23,23,23,23,27,28,30,30,31,31,32,33,36,37,37,43,47,49,53,54,55,60,60,60,61,61,66,68,68,68,70,72,72,72,73,80,80,84,88,90,93,93,94,95,95,97,97,104,105,105,105,106,106,110,113,113,121,127,128,133,134,136,148,150,156,157,158,162,163,166,167,169,172,173,176,177,179,185,188,188,190,192,197,207,208,210,214,217,218
0,0,1,4,8,20,42,45,46,89,103,117,159,161,171,200,232,232,264,264,273,289,294,296,308,322,324,352,372,384,397,423,426,457,478,490,493,497,537,598,601,630,690,765,782,794,794,900,912,933,941,977,990,1024,1062,1114,1119,1122,1165,1203,1219,1219,1223,1239,1241,1245,1314,1315,1327,1375,1424,1437,1441,1449,1467,1468,1470,1481,1520,1521,1531,1533,1539,1583,1602,1622,1639,1652,1661,1677,1689,1696,1698,1709,1714,1716,1717,1738,1739,1749,1760,1768,1785,1789,1790,1797,1821,1850,1868,1880,1880,1893,1912,1916,1947,1947,1960,1960,1962,1973,1974,1983,2008,2052,2064,2067,2071,2085,2091,2095,2107,2113,2120,2126,2127,2130,2141,2144,2158,2162,2169,2173,2173,2182,2191,2193,2193,2204,2206,2226,2226,2229,2232,2232,2250,2252,2252,2260,2293,2298,2309,2314,2327,2337,2391,2394,2398,2406,2406,2426,2432,2443,2450,2458,2461,2471,2488,2490,2493,2498,2518,2525,2528,2545,2567,2576,2584,2589,2635,2652,2656,2664,2668,2700,2720,2724,2734,2742,2780,2806
0,0,0,0,0,0,0,0,0,0,0,0,0,0,0,0,0,0,0,0,0,0,0,0,0,0,0,0,0,0,0,0,0,0,0,0,0,0,0,0,0,0,0,0,0,0,0,0,0,0,0,0,0,0,0,0,0,0,0,0,0,0,0,0,0,0,0,0,0,0,0,0,0,0,0,0,0,0,0,0,0,0,0,0,0,0,0,0,0,0,0,0,0,0,0,0,0,0,0,0,0,0,0,0,0,0,0,0,0,0,0,0,0,0,0,0,0,0,0,0,0,0,0,0,0,0,0,0,0,0,0,0,0,0,0,0,0,0,0,0,0,0,0,0,0,0,0,0,0,0,0,0,0,0,0,0,0,0,0,1,1,1,2,2,2,2,2,2,2,2,2,2,2,2,3,3,3,3,3,3,3,3,3,3,3,3,3,3,3,3,3,3,3,3,3,3,3,3,3,3
0,0,0,0,0,0,0,0,0,0,0,0,0,0,0,0,0,0,0,0,0,0,0,0,0,0,0,0,0,0,0,0,0,0,0,0,0,0,0,0,0,0,0,0,0,0,0,0,0,0,0,0,0,0,0,0,0,0,0,0,0,0,0,0,0,0,0,0,0,0,0,0,0,1,1,1,1,1,1,1,1,1,1,1,1,1,1,1,1,1,1,1,1,1,1,1,1,1,1,1,1,1,1,1,1,1,1,1,1,1,1,1,1,1,1,1,1,1,1,1,1,1,1,1,2,2,2,2,3,3,3,3,3,3,3,3,3,3,3,3,4,5,5,9,9,9,9,9,9,9,9,9,11,12,12,12,14,14,14,15,15,17,17,17,17,18,18,18,18,18,18,19,19,19,19,20,21,21,21,22,22,22,22,22,22,22,24,25,26,26,26,26,27,28,29,30,31,31,31,32
0,0,0,0,0,0,0,0,0,0,0,0,0,0,0,0,0,0,0,0,0,0,0,0,0,0,0,0,0,0,0,0,0,0,0,0,0,0,0,0,0,0,0,0,0,0,0,0,0,0,0,1,3,3,3,3,3,4,4,5,5,5,5,6,6,6,6,6,6,6,6,7,7,7,7,9,9,11,11,11,11,12,13,13,15,15,18,21,22,22,22,23,25,25,26,30,30,30,32,33,35,36,37,38,38,38,43,47,52,54,54,55,59,60,69,71,83,86,90,93,102,102,104,110,110,112,113,114,116,117,117,119,120,133,136,148,152,165,168,169,191,205,208,221,222,236,237,239,239,245,247,247,250,251,251,251,268,268,272,272,275,290,305,310,315,320,329,329,335,338,338,340,340,344,345,349,361,369,374,375,381,397,421,423,425,426,427,428,428,428,430,438,446,454,456,460,465,482,486,493
0,0,0,0,0,0,0,0,0,0,0,0,0,0,0,0,0,0,0,0,0,0,0,0,3,3,3,4,4,4,4,4,5,6,9,9,9,9,9,9,9,9,9,9,14,19,20,20,23,24,24,24,26,28,29,30,30,30,33,39,40,42,55,56,58,65,67,67,67,70,72,76,79,79,79,80,80,80,82,94,94,96,104,104,114,117,127,127,146,147,156,157,165,175,184,189,196,219,230,244,250,252,257,276,295,299,305,309,312,312,325,325,346,357,370,431,441,443,443,449,450,454,454,459,460,476,476,483,486,538,547,547,564,572,576,610,618,620,641,654,695,704,706,712,731,742,760,766,769,776,776,786,800,805,812,815,842,865,888,917,922,927,935,940,940,977,1007,1027,1038,1041,1044,1062,1071,1076,1086,1117,1117,1138,1183,1189,1189,1207,1226,1234,1265,1286,1291,1321,1334,1338,1341,1352,1352,1387,1391,1397,1407,1410,1421,1439
0,0,0,18,21,42,63,96,122,130,150,154,159,200,213,224,307,310,310,354,485,491,493,520,528,556,569,575,642,651,651,667,690,745,746,778,793,804,805,811,862,873,902,905,906,926,928,940,952,1002,1022,1043,1043,1058,1062,1082,1106,1115,1147,1154,1154,1166,1172,1195,1205,1215,1226,1232,1255,1271,1282,1317,1317,1319,1324,1325,1329,1334,1376,1382,1389,1405,1420,1420,1428,1461,1523,1538,1572,1572,1578,1584,1598,1603,1623,1638,1638,1673,1673,1690,1695,1695,1717,1731,1746,1746,1811,1837,1846,1857,1876,1876,1876,1904,1920,1929,1929,1932,1937,1942,1961,1975,2003,2008,2010,2026,2027,2043,2081,2106,2109,2109,2134,2136,2138,2145,2183,2185,2191,2200,2202,2216,2220,2241,2247,2256,2265,2269,2278,2279,2282,2300,2319,2326,2368,2377,2381,2382,2442,2450,2453,2464,2465,2492,2506,2536,2547,2547,2548,2554,2559,2563,2565,2572,2581,2590,2603,2608,2649,2660,2679,2684,2699,2702,2713,2714,2722,2739,2746,2762,2784,2800,2836,2860,2876,2879,2888,2889,2901,2916
0,0,0,0,0,0,0,0,0,0,0,0,0,0,0,0,0,0,0,0,0,0,0,0,0,0,0,0,0,0,0,0,0,0,0,1,1,1,1,1,1,1,1,1,1,1,1,1,1,1,1,2,2,2,4,4,4,5,5,5,5,5,5,5,5,10,15,15,15,16,18,18,22,23,23,24,24,24,26,28,28,28,28,30,31,33,37,39,40,40,41,42,48,48,51,54,54,61,65,67,67,70,71,76,77,77,77,77,79,79,81,81,86,93,108,108,108,110,110,131,135,136,138,138,138,144,147,148,157,158,161,168,168,169,177,179,180,198,200,207,207,210,210,229,232,232,238,247,251,253,256,258,260,260,264,265,265,267,270,270,273,287,287,289,291,293,325,325,332,336,340,352,359,368,369,369,379,391,402,419,421,421,427,428,436,451,463,474,499,508,513,521,528,528,538,552,572,575,575,593
0,0,0,0,0,2,2,5,13,26,28,29,90,105,113,146,157,224,240,285,287,287,293,324,328,356,365,426,449,525,542,623,677,713,730,748,776,822,832,838,852,888,906,928,953,966,981,990,991,1003,1010,1066,1098,1110,1153,1156,1162,1162,1163,1194,1205,1220,1244,1244,1250,1250,1252,1254,1288,1324,1332,1335,1366,1368,1369,1406,1415,1441,1448,1471,1477,1482,1491,1498,1508,1562,1611,1621,1638,1684,1691,1712,1722,1735,1742,1746,1753,1754,1767,1791,1806,1810,1812,1820,1823,1846,1858,1901,1903,1913,1913,1914,1918,1954,1954,1963,1971,1990,2015,2031,2040,2041,2045,2046,2048,2052,2064,2092,2095,2103,2104,2111,2117,2118,2118,2132,2143,2178,2180,2192,2201,2209,2215,2222,2235,2237,2262,2275,2287,2337,2351,2352,2367,2372,2423,2433,2437,2440,2441,2449,2457,2457,2463,2484,2487,2498,2498,2521,2537,2540,2551,2552,2577,2605,2616,2654,2664,2681,2696,2709,2711,2720,2723,2733,2735,2735,2738,2749,2757,2757,2768,2769,2775,2780,2787,2789,2790,2790,2801,2808
0,0,0,0,0,0,0,0,0,0,0,0,0,0,0,0,0,0,0,0,0,0,0,0,0,0,0,0,0,0,0,0,0,0,0,0,0,0,0,0,0,0,0,0,0,0,0,0,0,0,0,0,0,0,0,0,0,0,0,0,0,0,0,0,0,0,0,0,0,0,0,0,0,0,0,0,0,0,0,0,0,0,0,0,0,0,0,0,0,0,0,0,0,0,0,0,0,0,0,0,0,0,0,0,0,0,0,0,0,0,0,0,0,0,0,0,0,0,0,0,0,0,0,0,0,0,0,0,0,0,0,0,0,0,0,0,0,0,0,0,0,0,0,0,0,0,0,0,0,0,0,0,0,0,0,0,0,0,0,0,0,0,0,0,0,0,0,0,0,0,0,0,0,0,0,0,0,0,0,0,0,0,0,0,0,0,0,0,0,0,0,0,0,0,0,0,0,0,0,0
0,0,0,0,0,0,0,0,0,0,0,0,0,0,0,0,0,0,0,0,0,0,0,0,0,0,0,0,0,0,0,0,0,0,0,0,0,0,0,0,0,0,0,0,0,0,0,0,0,0,0,0,0,0,0,0,0,0,0,0,0,0,0,0,0,0,0,0,0,0,0,0,0,0,0,0,0,0,0,0,0,0,0,0,0,0,0,0,0,0,0,0,0,0,0,0,0,0,0,0,0,0,0,0,0,0,0,0,0,0,0,0,0,0,0,0,0,0,0,0,0,0,0,0,0,0,0,0,0,0,0,0,0,0,0,0,0,0,0,0,0,0,0,0,0,0,1,1,1,1,1,1,1,1,1,1,1,1,1,1,1,1,1,1,1,1,1,1,1,1,1,1,1,1,1,1,1,1,1,1,1,1,1,1,1,1,1,1,1,1,1,2,2,2,2,2,2,2,2,2
0,0,0,0,0,0,0,0,0,0,0,0,0,0,0,0,0,0,0,0,0,0,0,0,0,0,0,0,0,0,0,0,0,0,0,0,0,0,0,0,0,0,0,0,0,0,0,0,0,0,0,0,0,0,0,0,0,0,0,0,0,0,0,0,0,0,0,0,0,0,0,0,0,0,0,0,0,0,0,0,0,0,0,0,0,0,0,0,0,0,0,0,0,0,0,0,0,0,0,0,0,0,0,0,0,0,0,0,0,0,0,0,0,0,0,0,0,0,0,0,0,0,0,0,0,0,0,0,0,0,0,0,0,0,0,0,0,0,0,0,0,0,0,0,0,0,0,0,0,0,0,0,1,1,1,1,2,2,2,2,2,2,2,2,2,2,2,2,2,2,2,2,2,2,2,2,2,2,2,2,2,2,2,2,2,2,2,2,2,2,2,2,2,2,2,2,2,2,2,2
0,0,0,0,0,0,0,0,0,0,0,2,6,6,6,6,6,7,7,7,11,13,21,21,21,23,23,31,34,34,37,37,40,43,43,43,44,50,52,60,62,62,62,62,69,77,81,88,88,90,90,95,95,97,109,114,125,127,127,128,131,137,138,149,154,158,159,173,173,196,209,215,217,220,230,239,264,283,303,311,319,327,349,349,351,356,358,373,374,382,382,384,399,404,422,424,432,433,443,443,443,447,453,464,471,476,500,516,521,536,554,569,571,574,600,602,603,624,629,634,642,653,663,673,693,727,733,746,761,770,782,782,813,839,854,868,869,916,921,937,941,942,952,972,993,996,1001,1004,1005,1005,1032,1043,1053,1057,1080,1090,1112,1133,1142,1147,1161,1180,1196,1206,1234,1235,1240,1248,1262,1267,1272,1290,1295,1312,1317,1336,1345,1364,1372,1372,1376,1379,1391,1425,1432,1445,1445,1446,1450,1452,1458,1480,1486,1514,1537,1558,1564,1576,1579,1595
0,0,0,0,0,0,0,0,0,0,0,0,0,0,0,0,0,0,0,0,0,0,0,0,0,0,0,0,0,0,0,0,0,0,0,0,0,0,0,0,0,0,0,0,0,0,0,0,0,0,0,0,0,0,0,0,0,0,0,0,0,0,0,0,0,0,0,0,0,0,0,0,0,0,0,0,0,0,0,0,0,0,0,0,0,0,0,0,0,0,0,0,0,0,0,0,0,0,0,0,0,0,0,0,0,0,0,0,0,0,0,0,0,0,0,1,1,1,1,2,2,2,2,2,2,2,4,4,5,5,5,5,6,6,6,6,7,7,9,9,9,9,9,9,9,9,9,10,11,14,14,14,15,15,16,16,16,16,17,18,18,18,18,18,18,19,19,19,20,20,20,20,20,20,20,20,20,20,20,20,20,20,21,21,22,23,24,25,26,26,26,26,27,28,28,28,29,29,29,29
0,0,0,0,0,0,0,0,0,0,0,0,0,0,0,0,0,0,0,0,0,0,0,0,0,0,0,0,0,0,0,0,0,0,0,0,0,0,0,0,0,0,0,0,0,0,0,0,0,0,0,0,0,0,0,0,0,0,0,0,0,0,0,0,0,0,0,0,0,0,0,0,0,0,0,0,0,0,0,0,0,0,0,0,0,0,0,0,0,0,0,0,0,0,0,0,0,0,0,0,0,0,0,0,0,0,0,0,0,0,0,0,0,0,0,0,0,0,0,0,0,0,0,0,1,1,2,2,2,2,2,2,2,2,2,2,2,2,2,2,2,2,2,2,2,2,3,3,3,3,3,4,4,4,4,4,4,4,4,4,4,4,4,4,4,5,6,6,6,6,6,6,6,6,6,6,6,6,6,6,6,6,6,6,6,6,6,6,6,6,6,6,6,6,6,7,7,7,7,7
0,0,0,0,0,0,0,0,0,0,0,0,0,0,0,0,0,0,0,0,0,0,0,0,0,0,0,0,0,0,0,0,0,0,0,0,0,0,0,0,0,0,0,0,0,0,0,0,0,0,0,0,0,0,0,0,0,0,0,0,0,0,0,0,0,0,0,0,0,0,0,0,0,0,0,0,0,0,0,0,0,0,0,0,0,0,0,0,1,1,1,1,1,1,1,1,1,1,1,1,1,1,1,1,1,1,1,1,1,1,1,1,1,1,1,1,1,1,1,1,1,1,1,1,1,1,1,1,1,1,2,2,3,3,3,3,3,3,3,3,3,3,4,4,4,5,5,5,5,5,5,5,5,6,6,6,8,8,9,9,9,9,9,9,9,9,9,9,9,9,9,9,9,9,9,9,9,9,9,9,9,9,9,9,9,9,9,11,11,14,14,14,14,14,14,16,16,17,17,17
0,0,0,0,0,0,0,0,0,0,0,0,0,0,0,0,0,0,0,0,0,0,0,0,0,0,0,0,0,0,0,0,0,0,0,0,0,0,0,0,0,0,0,0,0,0,0,0,0,0,0,0,0,0,0,0,0,0,0,0,0,0,0,0,0,0,0,0,0,0,0,0,0,0,0,0,0,0,0,0,0,0,0,1,1,1,1,1,1,1,1,1,1,1,1,1,1,1,1,1,1,1,1,1,1,1,1,1,1,1,1,2,2,2,2,2,2,3,5,5,5,6,6,6,6,7,7,8,8,8,8,8,10,10,10,12,13,13,15,15,15,16,16,16,18,19,19,19,19,19,21,21,21,22,22,22,23,23,23,26,26,27,28,28,28,28,28,29,29,29,30,31,31,31,33,35,35,36,36,37,38,38,38,43,43,43,44,45,45,49,50,51,51,51,51,52,52,53,53,55
0,0,0,0,0,0,0,0,0,0,0,0,0,0,0,0,0,0,0,0,0,0,0,0,0,0,0,0,0,0,0,0,0,0,0,0,0,0,0,0,0,0,0,0,0,0,0,0,0,0,0,0,0,0,0,0,0,0,0,0,0,0,0,0,0,0,0,0,0,0,0,0,0,0,0,0,0,0,0,0,0,0,0,0,0,0,0,0,0,0,0,0,0,0,0,0,0,0,0,0,0,0,0,0,0,0,0,0,0,0,0,0,0,0,0,0,0,0,0,0,0,0,0,0,0,0,0,0,0,0,0,0,0,0,0,0,0,0,0,0,0,0,1,1,1,1,1,1,1,1,1,1,1,1,1,1,1,1,1,1,1,1,1,1,1,1,1,2,2,2,2,2,2,2,2,2,2,2,2,2,2,2,2,2,2,2,2,2,2,2,2,2,2,2,2,2,2,2,2,2
0,0,0,0,0,0,0,0,0,0,0,0,0,0,0,0,0,0,0,0,0,0,0,0,0,0,0,0,0,0,0,0,0,0,0,0,0,0,0,0,0,0,0,0,0,0,0,0,0,0,0,0,0,0,0,0,0,0,0,0,0,0,0,0,0,0,0,0,0,0,0,0,0,0,0,0,0,0,0,0,0,0,1,1,1,1,1,1,1,1,1,1,2,2,2,2,2,2,2,2,2,2,2,2,2,2,2,2,2,2,2,2,2,2,2,2,2,2,2,2,2,2,2,2,2,2,2,2,2,2,2,2,3,3,3,6,6,6,7,7,7,7,7,7,7,9,9,9,9,12,13,13,15,15,16,16,16,16,16,18,19,19,20,21,21,22,23,23,23,23,23,23,23,24,24,24,25,25,25,26,26,28,30,31,32,32,34,34,34,35,35,35,35,35,35,36,38,38,38,38
0,0,0,0,0,0,0,0,0,0,0,0,0,0,0,0,0,0,0,0,0,0,0,0,0,0,0,0,0,0,0,0,0,0,0,0,0,0,0,0,0,0,0,0,0,0,0,0,0,0,0,0,0,0,0,0,0,0,0,0,0,0,0,0,0,0,0,0,0,0,0,0,0,0,0,0,0,0,0,0,0,0,0,0,0,0,0,0,0,0,0,0,0,0,0,0,0,0,0,0,0,0,0,0,0,0,0,0,0,0,0,0,0,0,0,0,0,0,0,0,0,0,0,0,0,0,0,0,0,0,0,0,0,1,1,1,1,1,1,1,1,1,1,1,1,1,1,1,1,1,1,1,1,1,1,1,1,1,1,1,1,1,1,1,1,1,1,1,1,1,2,2,3,3,3,3,3,3,3,3,3,3,3,3,3,5,5,5,5,5,5,5,5,5,5,5,5,5,5,5
0,0,0,0,0,0,0,0,0,0,0,0,0,0,0,0,0,0,0,0,0,0,0,0,0,0,0,0,0,0,0,0,0,0,0,0,0,0,0,0,0,0,0,0,0,0,0,0,0,0,0,0,0,0,0,0,0,0,0,0,0,0,0,0,0,0,0,0,0,0,0,0,0,0,0,0,0,0,0,0,0,0,0,0,0,0,0,0,0,0,0,0,0,0,0,0,0,0,0,0,0,0,0,0,0,0,0,0,0,0,0,0,0,0,0,0,0,0,0,0,0,0,0,0,0,1,1,1,1,1,1,1,2,3,3,3,3,3,3,3,3,3,3,3,3,3,3,3,3,3,3,3,3,3,3,3,3,3,3,3,3,3,3,3,3,4,4,4,5,5,5,5,6,6,6,6,6,6,6,6,6,6,7,7,7,7,7,7,7,7,7,7,7,7,7,8,8,8,8,8
0,0,0,0,0,0,0,0,0,0,0,0,0,0,0,0,0,0,0,0,0,0,0,0,0,0,0,0,0,0,0,0,0,0,0,0,0,0,0,0,0,0,0,0,0,0,0,0,0,0,0,0,0,0,0,0,0,0,0,0,0,0,0,0,0,0,0,0,0,0,0,0,0,0,0,0,0,0,0,0,0,0,0,0,0,0,0,0,0,0,0,0,0,0,0,0,0,0,0,0,0,0,0,0,0,0,0,0,0,0,0,0,0,0,0,0,0,0,0,0,0,0,0,0,0,0,0,0,0,0,0,0,0,0,0,0,0,0,0,0,0,0,0,0,0,0,0,0,0,0,0,0,0,0,0,0,1,1,1,1,1,1,1,1,1,2,2,2,2,3,3,3,3,3,3,3,3,3,3,3,3,3,3,3,3,3,3,3,3,3,3,3,3,3,3,3,3,3,4,4
0,0,0,0,0,0,0,0,0,0,0,0,0,0,0,0,0,0,0,0,0,0,0,0,0,1,1,1,1,1,1,1,1,1,1,1,1,1,2,2,2,2,2,2,2,2,2,2,2,2,2,2,4,5,7,7,8,8,8,8,9,9,13,14,14,15,17,17,18,21,22,22,22,23,24,24,25,25,25,26,26,27,27,29,30,30,31,31,32,32,32,32,36,37,38,38,38,38,38,42,42,45,45,46,48,50,53,62,68,68,70,72,73,79,81,89,96,96,96,100,102,107,107,107,107,108,109,110,121,126,130,131,136,141,149,149,156,165,174,176,176,177,187,187,198,204,207,212,225,232,233,233,239,240,255,255,259,262,267,267,268,268,268,271,278,279,282,296,297,297,298,307,315,326,327,327,332,339,341,352,354,367,393,393,394,396,400,403,417,422,423,436,444,446,449,449,458,487,506,513
0,0,0,0,0,0,0,0,1,3,7,7,8,8,9,11,17,26,27,36,36,66,82,112,121,124,135,136,138,144,146,172,189,195,210,212,217,219,229,233,236,238,296,310,321,363,378,379,390,415,436,447,452,473,490,493,495,508,537,537,570,573,599,616,673,699,727,727,751,762,766,795,799,803,811,823,832,844,872,881,890,900,918,930,956,974,985,989,989,1017,1030,1035,1046,1075,1078,1080,1103,1122,1130,1142,1152,1153,1161,1161,1177,1177,1206,1235,1239,1252,1253,1265,1270,1278,1279,1318,1323,1331,1331,1339,1357,1358,1391,1395,1396,1422,1434,1435,1442,1443,1458,1476,1482,1484,1488,1493,1519,1520,1533,1541,1581,1581,1597,1606,1608,1617,1622,1642,1645,1647,1647,1652,1658,1675,1675,1710,1753,1775,1780,1782,1783,1789,1796,1800,1809,1814,1818,1821,1823,1830,1859,1871,1894,1902,1903,1920,1922,1922,1944,1955,1967,1971,2000,2008,2008,2031,2046,2056,2059,2061,2070,2073,2087,2109,2157,2172,2177,2238,2239,2265
0,0,0,0,0,0,0,0,0,0,0,0,0,0,0,0,0,0,0,0,0,0,0,0,0,0,0,0,0,0,0,0,0,0,0,0,0,0,0,0,0,0,0,0,0,0,0,0,0,0,0,0,0,0,0,0,0,0,0,0,0,0,0,0,0,0,0,0,0,0,0,0,0,0,0,0,0,0,0,0,0,0,0,0,0,0,0,0,0,0,0,0,0,0,0,0,0,0,0,0,0,0,0,0,0,0,0,0,0,0,0,0,0,0,0,0,0,0,0,0,0,0,0,0,0,0,0,0,0,0,0,0,1,1,1,1,1,1,1,1,1,1,2,3,3,3,3,3,3,3,4,4,4,4,5,5,5,5,5,5,5,5,5,5,5,5,5,5,5,5,5,5,5,5,5,5,5,5,5,5,5,5,5,5,5,5,5,5,5,5,5,5,5,5,6,7,7,8,8,8
0,0,0,0,0,0,0,1,1,1,1,1,1,2,2,4,4,6,8,10,12,24,28,30,35,35,37,40,45,46,47,50,54,61,62,77,89,97,126,127,130,140,152,191,194,206,221,221,226,227,241,246,284,285,294,296,315,343,364,368,375,376,386,389,401,416,416,423,423,434,439,452,453,471,473,514,520,537,553,558,559,567,579,622,658,689,702,706,728,761,779,786,788,793,798,824,840,868,880,884,934,939,948,955,975,994,999,1005,1025,1025,1062,1074,1078,1098,1100,1103,1106,1106,1112,1120,1123,1162,1198,1201,1259,1267,1292,1313,1314,1329,1349,1381,1384,1389,1396,1397,1401,1408,1414,1421,1421,1429,1430,1451,1452,1455,1505,1506,1508,1514,1515,1516,1516,1518,1550,1577,1581,1583,1585,1621,1658,1661,1662,1663,1667,1691,1710,1757,1777,1778,1806,1811,1813,1828,1847,1858,1868,1868,1879,1888,1890,1941,1943,1947,1952,1962,1969,1984,1987,1992,2010,2017,2034,2054,2072,2098,2100,2102,2121,2129
0,0,0,0,0,0,0,0,0,0,0,0,0,0,0,0,0,0,0,0,0,0,0,0,0,0,0,0,0,0,0,0,0,0,0,0,2,4,4,4,4,4,4,4,4,4,4,4,4,4,4,5,5,5,5,7,7,7,8,11,11,11,11,13,16,16,18,18,19,22,22,22,22,22,24,25,27,33,40,40,40,40,41,43,44,45,47,51,52,53,53,57,62,74,75,77,80,80,84,84,86,95,98,108,117,120,122,124,141,153,153,155,161,168,169,170,171,173,175,175,175,182,182,190,193,198,203,204,207,211,216,217,219,220,227,230,232,249,257,260,263,264,269,274,279,281,304,307,314,316,316,326,329,331,331,334,336,337,342,351,353,385,392,394,396,405,408,416,422,426,443,446,452,454,454,459,465,483,484,485,504,505,517,521,541,552,563,564,564,568,574,575,582,582,600,601,606,613,638,640
0,0,1,1,1,8,15,17,22,31,38,50,51,52,59,60,83,98,112,122,124,130,139,140,141,148,162,171,173,177,248,259,259,263,280,281,287,322,327,330,374,416,429,480,480,480,497,553,603,624,632,660,660,665,683,737,769,807,821,829,829,843,843,849,882,893,900,905,915,916,918,925,993,1020,1054,1085,1111,1125,1141,1149,1159,1170,1172,1173,1180,1182,1197,1218,1232,1232,1236,1237,1251,1256,1266,1268,1269,1293,1297,1297,1304,1324,1329,1343,1353,1358,1404,1407,1469,1470,1483,1501,1504,1517,1543,1547,1560,1561,1563,1581,1605,1613,1620,1626,1639,1642,1643,1643,1647,1656,1664,1679,1686,1691,1691,1691,1696,1701,1725,1727,1734,1765,1800,1815,1821,1849,1857,1857,1869,1871,1891,1891,1891,1893,1894,1905,1906,1917,1945,1950,1961,1962,1963,1967,1997,2041,2048,2049,2052,2054,2055,2081,2094,2107,2119,2121,2138,2140,2159,2160,2170,2173,2195,2200,2205,2240,2247,2276,2281,2291,2314,2332,2334,2350,2350,2368,2375,2380,2380,2403
0,0,0,0,0,0,0,0,0,0,0,0,0,0,0,0,0,0,0,0,0,0,0,0,0,0,0,0,0,0,0,0,0,0,0,0,0,0,0,0,0,0,0,0,0,0,0,0,0,0,0,0,0,0,0,0,0,0,0,0,0,0,0,0,0,0,0,0,0,0,0,0,0,0,0,0,0,0,0,0,0,0,0,0,0,0,0,0,0,0,0,0,0,0,0,0,0,0,0,0,0,0,0,0,0,0,0,0,0,0,0,0,0,0,0,0,0,0,0,0,0,0,0,0,0,0,0,0,0,0,0,0,0,0,0,0,0,0,0,0,0,0,0,0,0,0,0,0,0,0,0,0,0,0,0,0,0,0,0,0,0,0,0,0,0,0,0,0,0,0,0,0,0,0,0,0,0,0,0,0,0,0,0,0,0,0,0,0,0,0,0,0,0,0,0,0,0,0,0,0
0,0,0,0,0,0,0,0,0,0,0,0,0,0,0,0,0,0,0,0,0,0,0,0,0,0,0,0,0,0,0,0,0,0,0,0,0,0,0,0,0,0,0,0,0,0,0,0,0,0,0,0,0,0,0,0,0,0,0,0,0,0,0,0,0,0,0,0,0,0,0,0,0,0,0,0,0,0,0,1,1,1,1,1,1,1,1,1,1,1,2,2,2,2,2,2,3,3,4,4,4,4,6,6,6,6,6,6,6,6,6,6,6,6,6,7,8,8,8,8,8,9,9,11,11,11,11,11,11,13,14,16,18,18,18,18,19,20,20,20,22,22,22,23,24,25,27,28,28,30,32,33,34,37,38,38,39,40,40,41,41,44,44,45,50,51,51,51,51,51,51,51,53,53,53,53,53,54,56,56,56,59,61,68,69,69,75,77,88,88,90,90,94,96,96,101,101,104,105,105
0,0,0,0,0,0,0,0,0,0,0,0,0,0,0,0,0,0,0,0,0,0,0,0,0,0,0,0,0,0,0,0,0,0,0,0,0,0,0,0,0,0,0,0,0,0,0,0,0,0,0,0,0,0,0,0,0,0,0,0,0,0,0,0,0,0,0,0,0,0,0,0,0,0,0,0,0,0,0,0,0,0,0,0,0,0,0,0,0,0,0,0,0,0,0,0,0,0,0,0,0,0,0,0,0,0,0,0,0,0,0,0,0,0,0,0,0,0,0,0,1,1,1,1,1,1,1,1,1,1,1,1,1,1,1,2,2,2,3,3,3,3,3,3,3,3,3,3,4,5,5,5,8,8,9,9,9,10,11,11,11,11,11,12,12,12,12,13,13,13,13,13,13,14,14,14,14,14,14,14,14,14,14,14,15,15,16,16,16,17,17,17,17,17,17,17,17,17,17,17
0,0,0,0,0,0,0,0,0,0,0,0,0,0,0,0,0,0,0,0,0,0,0,0,0,0,0,0,0,0,0,0,0,0,0,0,0,0,0,0,0,0,0,0,0,0,0,0,0,0,0,0,0,0,0,0,0,0,0,0,0,0,0,0,0,0,0,0,0,1,1,1,1,1,1,1,1,1,1,1,1,3,3,3,3,4,5,5,5,12,17,18,20,21,21,21,26,31,32,32,34,35,36,38,42,43,43,43,43,43,47,56,69,69,69,69,69,69,85,85,92,92,99,103,103,104,112,123,129,129,133,134,136,136,142,147,153,159,170,183,184,191,193,195,201,201,223,224,227,239,239,248,253,254,254,257,260,262,262,272,275,299,306,317,330,333,342,352,357,362,366,368,370,394,394,402,409,412,418,425,436,441,444,447,447,455,472,474,478,489,499,501,501,511,511,512,515,538,546,557
0,0,0,0,0,0,0,0,0,0,0,0,0,0,0,0,0,0,0,0,0,0,0,0,0,0,0,0,0,0,0,0,0,0,0,0,0,0,0,0,0,0,0,0,0,0,0,0,0,0,0,0,0,0,0,0,0,0,0,0,0,0,0,0,0,0,0,0,0,0,0,0,0,0,0,0,0,0,0,0,0,0,0,0,0,0,0,0,0,0,0,0,0,0,0,1,1,1,1,1,1,1,1,2,2,2,2,2,2,2,2,2,2,2,2,2,2,2,2,5,5,6,7,7,10,10,11,12,12,12,12,12,12,12,13,13,13,13,13,13,13,13,17,18,19,19,19,20,24,24,24,24,24,25,26,26,31,31,33,35,35,36,36,37,37,39,40,40,41,43,46,48,48,48,52,52,52,53,53,53,57,59,60,60,62,62,62,63,63,63,63,63,63,66,70,70,70,72,72,74
0,0,0,0,0,0,0,0,0,0,0,0,0,0,0,0,0,0,0,0,0,0,0,0,0,0,0,0,0,0,0,0,0,0,0,0,0,0,0,0,0,0,0,0,0,0,0,0,0,0,0,0,0,0,0,0,0,0,0,0,0,0,0,0,0,0,0,0,0,0,0,0,0,0,0,0,0,0,0,0,0,0,0,0,0,0,0,0,0,0,0,0,0,0,0,0,0,0,0,0,0,0,0,0,0,0,0,0,0,0,0,0,0,0,0,0,0,0,0,0,0,0,0,0,0,0,0,0,0,0,0,0,0,0,0,0,0,0,0,0,0,0,0,0,0,0,1,1,2,2,2,2,2,2,2,3,3,3,3,3,3,3,3,3,3,3,3,3,3,3,3,3,3,3,3,3,3,3,3,3,4,4,4,4,4,4,4,5,5,5,5,5,5,5,5,5,5,5,5,5
0,0,0,0,0,0,0,0,0,0,0,0,0,0,0,0,0,0,0,0,0,0,0,0,0,0,0,0,0,0,0,0,0,0,0,0,0,0,0,0,0,0,0,0,0,0,0,0,0,0,0,0,0,0,0,0,0,0,0,0,0,0,0,0,0,0,0,0,0,0,0,0,0,0,0,0,0,0,0,0,0,0,0,0,0,0,0,0,0,0,0,0,0,0,0,0,0,0,0,0,0,0,0,0,0,0,0,0,0,0,0,0,0,0,0,0,0,0,0,0,0,0,0,0,0,0,0,0,0,0,0,0,0,0,0,0,0,0,0,0,0,0,0,0,0,0,0,0,0,0,0,0,0,0,0,0,0,0,0,0,0,0,0,0,0,0,0,0,0,0,0,0,0,0,0,0,0,0,0,0,0,0,0,0,0,0,0,0,0,0,0,0,0,0,0,1,1,1,1,1
0,0,0,0,0,0,0,0,0,0,1,1,1,2,2,2,2,6,7,9,9,19,25,28,28,41,43,46,55,67,77,109,130,134,144,180,198,204,204,205,230,238,240,241,258,266,282,298,320,331,336,345,345,362,375,402,445,449,460,460,504,518,536,560,567,596,596,597,614,653,674,675,678,679,684,704,706,710,739,747,767,805,807,818,839,839,841,845,845,847,869,870,871,873,889,902,933,955,956,960,967,972,984,997,1020,1059,1064,1080,1095,1102,1105,1107,1111,1114,1120,1198,1199,1213,1229,1232,1259,1288,1302,1313,1313,1348,1360,1387,1389,1407,1420,1434,1439,1461,1471,1474,1508,1521,1528,1543,1550,1551,1559,1585,1585,1587,1590,1593,1609,1640,1651,1659,1662,1678,1681,1693,1697,1699,1699,1708,1708,1711,1721,1724,1747,1768,1774,1779,1804,1813,1817,1840,1871,1872,1879,1887,1889,1906,1921,1938,1940,1941,1941,2005,2008,2040,2047,2067,2068,2086,2098,2104,2114,2148,2154,2162,2183,2188,2212,2214
0,0,0,0,0,0,0,0,0,0,0,0,0,0,0,0,0,0,0,0,0,0,0,0,0,0,0,0,0,0,0,0,0,0,0,0,0,0,0,0,0,0,0,0,0,0,0,0,0,0,0,0,0,0,0,0,0,0,0,0,0,0,0,0,0,0,0,0,0,0,0,0,0,0,0,0,0,0,0,0,0,0,0,0,0,0,0,0,0,0,0,0,0,0,0,1,1,2,2,2,2,2,2,3,4,4,4,4,4,4,4,4,4,4,5,5,5,5,5,5,5,5,5,5,8,11,11,12,13,14,14,14,14,14,14,14,14,14,15,16,18,22,22,22,25,25,26,27,29,29,30,31,32,33,34,34,35,35,35,37,39,39,41,43,43,43,44,46,49,49,50,50,50,50,52,54,56,56,57,58,58,61,63,64,66,68,68,69,70,73,74,74,75,78,78,78,80,83,85,86
0,0,0,0,0,0,0,0,0,0,0,0,0,0,0,0,0,0,0,0,0,0,0,1,1,1,1,1,1,1,1,1,1,1,1,1,1,1,1,1,2,2,2,2,3,5,5,5,7,9,9,9,10,10,13,13,13,14,14,14,14,16,17,18,19,20,28,29,32,34,34,38,42,45,47,50,52,55,58,62,63,64,66,70,72,72,72,75,77,79,81,94,96,99,99,126,126,129,135,137,137,140,146,164,167,176,182,183,185,188,190,196,201,203,205,232,233,249,253,263,265,266,275,287,288,291,312,312,317,355,361,365,380,386,393,393,438,438,456,460,461,469,484,485,486,488,488,492,492,504,504,516,555,558,562,568,579,579,585,588,592,599,608,608,609,610,620,626,631,631,636,647,652,667,678,686,706,711,714,720,726,806,836,878,878,907,910,920,920,954,961,974,982,990,998,1020,1043,1047,1059,1074
0,0,0,0,0,0,0,0,0,0,0,0,0,0,1,1,1,1,1,3,5,8,9,11,11,12,13,13,13,13,15,18,21,21,22,23,27,27,27,28,33,38,41,51,53,55,56,62,66,75,76,77,77,83,87,104,114,114,127,139,146,152,156,160,163,178,185,190,194,207,217,217,223,227,229,234,238,239,244,256,259,277,296,296,300,322,322,324,343,343,347,352,363,367,401,408,433,433,448,450,469,470,529,531,532,572,580,586,589,598,606,614,619,620,631,631,632,634,657,661,663,668,676,702,707,731,733,743,753,756,760,763,771,776,817,831,847,858,858,861,865,870,873,882,907,907,910,941,968,978,984,984,987,990,998,1006,1009,1038,1050,1063,1080,1088,1112,1125,1130,1163,1165,1180,1197,1202,1207,1228,1257,1302,1306,1332,1352,1361,1388,1391,1393,1393,1398,1416,1422,1437,1453,1496,1520,1525,1525,1531,1532,1532,1547,1556,1582,1585,1616,1617
3,10,38,50,55,109,117,137,193,208,218,225,283,313,333,446,449,473,490,491,526,536,618,633,660,682,693,759,802,804,876,876,878,888,889,936,949,952,956,967,990,1068,1084,1087,1088,1097,1100,1102,1114,1164,1203,1313,1313,1318,1332,1339,1355,1381,1390,1390,1399,1412,1417,1439,1477,1479,1497,1498,1515,1528,1535,1538,1540,1563,1569,1574,1607,1622,1629,1652,1655,1656,1657,1684,1705,1706,1715,1740,1745,1746,1756,1798,1814,1820,1826,1868,1884,1889,1915,1953,1984,1990,2030,2041,2044,2067,2068,2077,2088,2088,2099,2102,2106,2106,2125,2127,2132,2170,2170,2186,2191,2203,2222,2225,2233,2234,2234,2242,2247,2281,2283,2284,2289,2292,2300,2304,2317,2328,2331,2374,2378,2401,2444,2469,2477,2484,2484,2489,2490,2527,2528,2534,2547,2575,2575,2577,2577,2580,2581,2609,2622,2630,2647,2647,2650,2653,2663,2667,2684,2691,2691,2691,2695,2697,2701,2708,2708,2728,2735,2747,2764,2766,2769,2806,2853,2861,2867,2902,2921,2931,2931,2933,2933,2933,2947,2968,2972,2975,2975,2998
0,0,0,0,0,0,0,0,0,0,0,0,0,0,0,0,0,0,0,0,0,0,0,0,0,0,0,0,0,0,0,0,0,0,0,0,0,0,0,0,0,0,0,0,0,0,0,0,0,0,0,0,0,0,0,0,0,0,0,0,0,0,0,0,0,0,0,0,0,0,0,0,0,0,0,0,0,0,0,0,0,0,0,0,0,0,0,0,0,0,0,0,0,0,0,0,0,0,0,0,0,0,0,0,0,0,0,0,0,0,0,0,0,0,0,0,0,0,0,0,0,0,0,0,0,0,0,0,0,0,0,0,0,0,0,0,0,0,0,0,0,0,0,0,0,0,0,0,0,0,0,0,0,0,0,0,0,0,0,0,0,0,0,0,0,0,0,0,0,0,0,0,0,0,0,0,0,0,0,0,0,0,0,0,0,0,0,0,0,0,0,0,0,0,0,0,0,0,0,0
0,0,0,0,0,0,0,0,0,0,0,0,0,0,0,0,0,0,0,0,0,0,0,0,0,0,0,0,0,0,0,0,0,0,0,0,0,0,0,0,0,0,0,0,0,0,0,0,0,0,0,0,0,0,0,0,0,0,0,0,0,0,0,0,0,0,0,0,0,0,0,0,0,0,0,0,0,0,0,0,0,0,0,0,0,0,0,0,0,0,0,0,0,0,0,0,0,0,0,0,0,0,0,0,0,0,0,0,0,0,0,0,0,0,0,0,0,0,0,0,0,0,0,0,0,0,1,1,1,1,1,1,1,1,1,1,1,1,1,1,1,1,1,1,1,1,1,1,1,1,1,1,1,1,2,2,2,2,2,2,3,3,3,3,3,3,3,3,3,4,4,4,4,4,4,4,4,4,4,4,4,4,4,4,4,4,4,4,4,4,4,4,4,4,4,4,4,4,4,4
