1.5452
0.95765
4.4502
4.3135
1.4248
3.7684
3.5679
3.6913
3.835
4.5349
2.4485
4.5917
2.673
1.024
1.4794
3.4427
0.71527
1.1123
1.2095
2.8788
3.3389
2.8894
4.3443
0.2271
4.4945
4.4816
4.9903
0.66882
2.8737
4.1383
3.5088
3.1704
4.256
3.8246
2.065
2.0952
4.2119
3.237
0.2199
3.3967
1.4242
2.4158
2.4316
3.6985
4.6898
0.28033
1.4517
4.5966
2.458
1.48
3.7935
2.5729
3.5879
3.8024
3.1173
3.3584
4.8726
4.7308
2.2837
0.30762
4.2311
3.0978
1.8962
1.1145
0.22722
1.7602
0.31252
4.8994
4.0869
4.4943
1.0024
3.2035
3.6116
3.4402
2.9973
3.9646
2.9922
3.9883
3.6488
4.0688
1.8796
0.6249
3.9305
0.71902
1.72
0.54385
4.8148
2.5875
3.5041
1.8395
2.8554
4.0689
4.2521
0.65339
2.6965
1.3516
0.99681
0.20542
4.8563
4.2361
