2.662
2.4103
1.8819
0.65622
2.2816
3.6043
0.75665
0.57481
1.9724
0.36142
1.1223
2.4625
0.89563
3.6456
3.3762
2.273
2.341
2.64
2.7348
2.9498
1.9319
1.8151
1.0317
0.61337
2.088
4.061
0.25319
1.3189
4.6825
1.2886
3.9725
2.1715
0.77309
3.245
4.3395
0.95957
3.0857
0.76452
3.2053
4.2086
4.714
2.1947
1.5057
4.6544
4.6223
2.8017
4.1019
0.99862
1.7378
3.3578
0.20846
3.219
3.9694
1.6145
3.9905
1.2363
2.1354
4.0515
4.3383
0.8901
1.8563
2.1797
3.6086
0.88559
2.9718
1.4289
0.42284
1.5008
3.4538
1.2531
1.8328
0.8711
4.1977
4.7114
2.7209
4.6236
0.49882
1.659
3.0737
0.80085
4.206
4.7372
4.5472
3.1118
2.3313
3.8357
1.2069
3.0835
2.4635
2.4493
3.3659
0.71611
0.84942
4.5457
1.2548
1.3881
0.80182
1.3581
4.8884
1.6473
