0.39876
0.54533
0.80984
0.70848
0.47478
0.67706
0.40374
0.26835
0.75938
0.75208
0.37852
0.40803
0.38603
0.24717
0.74141
0.35068
0.4279
0.65129
0.89801
0.30649
0.20216
0.34265
0.68555
0.63491
0.66995
0.79499
0.72771
0.39964
0.88588
0.38338
0.43239
0.21461
0.81241
0.69498
0.6814
0.46646
0.72218
0.34849
0.41527
0.4821
0.53683
0.25853
0.47474
0.75011
0.1426
0.81912
0.73361
0.37378
0.79829
0.27826
0.17258
0.73637
0.37871
0.43691
0.14206
0.60131
0.87444
0.13321
0.70564
0.76634
0.84106
0.74887
0.84208
0.29375
0.38168
0.62196
0.67815
0.34099
0.75827
0.47413
0.88038
0.67792
0.33327
0.69818
0.10971
0.85466
0.48341
0.86347
0.56638
0.15168
0.63803
0.44076
0.13323
0.26164
0.74678
0.20699
0.69223
0.10575
0.75888
0.27191
0.53402
0.22619
0.15593
0.88717
0.455
0.1025
0.43876
0.11059
0.45305
0.27905
