8.911
1.5765
5.8809
1.9242
9.2556
2.4708
8.326
1.1199
5.101
1.0407
9.2268
3.2851
3.3506
4.9243
1.9496
0.8274
8.9867
8.3037
2.8091
2.2253
0.86591
2.8313
7.9318
8.0542
6.2213
9.4806
2.3913
9.4494
2.4804
2.1331
5.723
0.59435
2.4703
0.69684
2.4237
8.2883
1.1868
9.9591
5.1039
0.89407
0.82232
2.7357
5.421
3.7194
5.0063
2.7814
0.81096
9.777
3.5288
0.76314
8.0353
6.003
3.3335
4.8022
8.7057
6.5876
7.7815
7.4766
0.1777
9.1729
9.3037
8.5946
1.0427
3.7551
1.7423
0.80714
4.92
7.7249
6.8632
7.8308
4.1302
9.9942
2.0664
3.9406
1.719
5.9409
8.8585
0.34833
5.8499
4.1996
7.8968
4.8756
4.1219
8.6893
8.88
5.5275
2.2228
9.0444
7.2929
1.6949
6.4652
9.9026
6.0887
8.2193
9.2413
9.9501
2.1031
6.9462
5.8928
2.8693
