1602299716992 0.009999999776482582 1
1602299783564 0.009999999776482582 2
1602299850122 0.009999999776482582 3
1602299917005 0.009999999776482582 4
1602299984199 0.006000000052154064 5
1602300051472 0.003599999938160181 6
1602300118435 0.00215999991632998 7
1602300186386 0.0012959999730810523 8
1602300256192 0.0007775999838486314 9
1602300326317 0.0006998399621807039 10
1602300393374 0.0006298559601418674 11
1602300460189 0.0005668703815899789 12
1602300526692 0.000510183337610215 13
1602300593695 0.00045916499220766127 14
1602300660667 0.0004132484900765121 15
